30
Anogam_AGAP003050-RA         0.0000000 0.6678743 1.6253805 1.5133654 1.4854717 1.5971889 1.3463981 1.5940994 1.2931678 1.3045073 1.4618210 1.5100384 1.4961820 1.5364687 1.4758945 1.5036564 1.5028635 1.5690210 1.5554874 1.5587311 4.0363366 3.5167109 4.2083521 3.7598343 4.5492000 4.5732171 4.8060737 4.5779045 4.3309167 4.5855310 
Dromel_FBtr0085572_49-235    0.6678743 0.0000000 1.5927935 1.5529676 1.6133976 1.6965129 1.4868357 1.7247085 1.4303241 1.3854669 1.4261920 1.4740413 1.4245786 1.7209621 1.5050897 1.5000989 1.4941147 1.6031682 1.4420618 1.6260297 3.6709999 4.0665859 3.8286835 3.2634457 4.7101730 4.9510061 5.4450776 5.4646810 5.1298418 4.9298040 
Dromel_FBtr0076196_68-278    1.6253805 1.5927935 0.0000000 0.5728996 0.5868789 0.6084701 0.5537571 0.6564924 0.6976466 0.6616336 0.9392730 0.8917955 0.8681689 0.7570823 0.8693967 0.7747209 0.8780739 0.7236599 0.6944902 0.7289161 3.4975808 3.0852478 3.4883293 3.3930879 3.2306713 3.0122278 3.0436556 2.9286381 3.0002195 3.1417865 
Dromel_FBtr0082592_82-284    1.5133654 1.5529676 0.5728996 0.0000000 0.2320408 0.3186575 0.2500791 0.3265674 0.4877508 0.5170799 0.7992771 0.7315504 0.7576238 0.6474043 0.7613716 0.7186000 0.7210577 0.6629758 0.6370825 0.6583816 3.1299433 2.6200178 3.2986631 3.1524742 3.4659290 3.2019148 3.2939642 3.1420312 3.0284045 3.4214399 
Dromel_FBtr0082630_97-305    1.4854717 1.6133976 0.5868789 0.2320408 0.0000000 0.2389255 0.1471258 0.2510844 0.5109027 0.4686792 0.7075690 0.6329843 0.5675072 0.5353091 0.6517449 0.6005895 0.6906156 0.6632960 0.6216667 0.6720929 3.0183739 2.8781071 3.0865644 3.0145870 3.5027060 3.2746822 3.6283112 3.2292727 3.0706750 3.3281713 
Anogam_AGAP001713-RD_75-277  1.5971889 1.6965129 0.6084701 0.3186575 0.2389255 0.0000000 0.0000010 0.1104520 0.5436757 0.5111400 0.6655640 0.6546955 0.6737818 0.5759467 0.6178410 0.6091036 0.6467409 0.6749554 0.6541380 0.6333250 3.2366514 3.1784730 3.3865097 3.2021194 3.5439752 3.2440417 3.3927622 3.0364885 2.9884815 3.2650718 
Anogam_AGAP012920-RA_75-157  1.3463981 1.4868357 0.5537571 0.2500791 0.1471258 0.0000010 0.0000000 0.0248897 0.4100754 0.4049030 0.4867119 0.5543179 0.4882694 0.5060675 0.5323121 0.5142871 0.5872671 0.4949072 0.4931029 0.5696666 3.0670168 9.0000000 3.3959623 2.9402625 3.3593643 2.7917571 3.0182387 2.6937455 2.4943857 2.7741072 
Aedaeg_AAEL003203-RE_88-291  1.5940994 1.7247085 0.6564924 0.3265674 0.2510844 0.1104520 0.0248897 0.0000000 0.5270560 0.5451142 0.7335326 0.6902800 0.6957536 0.5413356 0.5965190 0.5579027 0.6074768 0.6896230 0.6683799 0.6958868 3.2237443 3.1104758 3.3258611 3.1991374 3.3830248 3.2561382 3.3507499 3.0263490 2.8552922 3.2072411 
Anogam_AGAP003418-RA_100-308 1.2931678 1.4303241 0.6976466 0.4877508 0.5109027 0.5436757 0.4100754 0.5270560 0.0000000 0.1743413 0.7666225 0.6222286 0.6509030 0.5947038 0.6006974 0.6030093 0.5954205 0.5733194 0.6215595 0.4493055 3.2283718 2.6820422 3.1233455 2.8313203 3.4918206 2.9133018 3.0861794 2.8871619 2.9724948 3.1853082 
Aedaeg_AAEL026878-RC_112-326 1.3045073 1.3854669 0.6616336 0.5170799 0.4686792 0.5111400 0.4049030 0.5451142 0.1743413 0.0000000 0.7864725 0.6540582 0.6366003 0.5538329 0.5850338 0.5564035 0.5691652 0.5849467 0.6166254 0.4626358 3.3979495 2.9111783 3.3452078 3.0997908 3.1870045 2.9635520 3.1665482 2.9412231 2.8074875 3.1313941 
Dromel_FBtr0085571_133-335   1.4618210 1.4261920 0.9392730 0.7992771 0.7075690 0.6655640 0.4867119 0.7335326 0.7666225 0.7864725 0.0000000 0.3462119 0.3510542 0.6952022 0.7572206 0.6977304 0.7438392 0.7692695 0.7196395 0.7718294 3.5626136 3.0198666 3.6890829 3.4846370 3.3185376 3.5292300 3.5566619 3.2348702 3.5678295 3.6111367 
Anogam_AGAP003051-RA_94-296  1.5100384 1.4740413 0.8917955 0.7315504 0.6329843 0.6546955 0.5543179 0.6902800 0.6222286 0.6540582 0.3462119 0.0000000 0.0861299 0.7137501 0.6880597 0.6993768 0.7001880 0.7275188 0.6966589 0.8536265 3.6306997 3.2522724 3.5822132 3.3901706 3.3541456 3.1324843 3.6608077 3.3159310 3.6133904 3.4980912 
Aedaeg_AAEL003645-RA_104-306 1.4961820 1.4245786 0.8681689 0.7576238 0.5675072 0.6737818 0.4882694 0.6957536 0.6509030 0.6366003 0.3510542 0.0861299 0.0000000 0.7003948 0.6706574 0.6518633 0.6637619 0.7025805 0.6739491 0.8423313 3.6682611 3.3635942 3.5580364 3.4219289 3.2425035 3.1077786 3.6824983 3.2835788 3.4125958 3.3340024 
Dromel_FBtr0346162_143-343   1.5364687 1.7209621 0.7570823 0.6474043 0.5353091 0.5759467 0.5060675 0.5413356 0.5947038 0.5538329 0.6952022 0.7137501 0.7003948 0.0000000 0.3518677 0.3231114 0.3368692 0.6164345 0.5611105 0.7277219 3.0513994 2.6907389 3.0758794 2.8770062 3.5466132 3.1144277 3.5103931 3.0362880 3.0443715 3.2709430 
Anogam_AGAP013071-RA_119-324 1.4758945 1.5050897 0.8693967 0.7613716 0.6517449 0.6178410 0.5323121 0.5965190 0.6006974 0.5850338 0.7572206 0.6880597 0.6706574 0.3518677 0.0000000 0.1274738 0.2397077 0.6541296 0.5799532 0.6751461 3.1759519 2.8368289 3.0174053 2.8831249 3.3158854 3.0372694 3.2942902 2.9758939 2.9047893 3.1193013 
Aedaeg_AAEL004573-RB_118-323 1.5036564 1.5000989 0.7747209 0.7186000 0.6005895 0.6091036 0.5142871 0.5579027 0.6030093 0.5564035 0.6977304 0.6993768 0.6518633 0.3231114 0.1274738 0.0000000 0.2112282 0.6176867 0.5545013 0.6621161 3.2572468 2.9907054 3.2421970 3.0536074 3.2932100 3.0282886 3.5004333 3.0615834 2.9750059 3.2478183 
Aedaeg_AAEL003622-RC_122-325 1.5028635 1.4941147 0.8780739 0.7210577 0.6906156 0.6467409 0.5872671 0.6074768 0.5954205 0.5691652 0.7438392 0.7001880 0.6637619 0.3368692 0.2397077 0.2112282 0.0000000 0.6404680 0.6165382 0.6014277 3.3108404 3.0002270 3.3167112 3.1063475 3.2638841 3.0399525 3.2684274 2.9635435 2.8120790 3.1044855 
Anogam_AGAP004572-RB_140-341 1.5690210 1.6031682 0.7236599 0.6629758 0.6632960 0.6749554 0.4949072 0.6896230 0.5733194 0.5849467 0.7692695 0.7275188 0.7025805 0.6164345 0.6541296 0.6176867 0.6404680 0.0000000 0.1180063 0.7812528 3.0253719 2.4622107 2.9928886 2.9931533 3.6381662 3.5872893 3.8376541 3.3014562 3.5297909 3.3856130 
Aedaeg_AAEL018141-RB_141-339 1.5554874 1.4420618 0.6944902 0.6370825 0.6216667 0.6541380 0.4931029 0.6683799 0.6215595 0.6166254 0.7196395 0.6966589 0.6739491 0.5611105 0.5799532 0.5545013 0.6165382 0.1180063 0.0000000 0.8210875 2.8757928 2.5276809 2.9558549 2.8063338 3.7282633 3.6803383 3.8987975 3.2621341 3.4347402 3.3413128 
Dromel_FBtr0082737_96-297    1.5587311 1.6260297 0.7289161 0.6583816 0.6720929 0.6333250 0.5696666 0.6958868 0.4493055 0.4626358 0.7718294 0.8536265 0.8423313 0.7277219 0.6751461 0.6621161 0.6014277 0.7812528 0.8210875 0.0000000 3.2523093 2.8613619 3.3389362 3.1389809 3.0623706 2.7698652 3.0340985 2.9334796 2.9279140 3.0516879 
Dromel_FBtr0079179_67-286    4.0363366 3.6709999 3.4975808 3.1299433 3.0183739 3.2366514 3.0670168 3.2237443 3.2283718 3.3979495 3.5626136 3.6306997 3.6682611 3.0513994 3.1759519 3.2572468 3.3108404 3.0253719 2.8757928 3.2523093 0.0000000 0.1923751 0.1869770 0.3088330 4.7177115 4.8792737 4.2417510 3.8955601 4.5229379 4.1604150 
Anogam_AGAP012111-RA_82-206  3.5167109 4.0665859 3.0852478 2.6200178 2.8781071 3.1784730 9.0000000 3.1104758 2.6820422 2.9111783 3.0198666 3.2522724 3.3635942 2.6907389 2.8368289 2.9907054 3.0002270 2.4622107 2.5276809 2.8613619 0.1923751 0.0000000 0.0647371 0.2668476 4.4330533 5.6997911 3.8573591 4.0044499 4.1905281 4.1319066 
Aedaeg_AAEL013047-RB_68-285  4.2083521 3.8286835 3.4883293 3.2986631 3.0865644 3.3865097 3.3959623 3.3258611 3.1233455 3.3452078 3.6890829 3.5822132 3.5580364 3.0758794 3.0174053 3.2421970 3.3167112 2.9928886 2.9558549 3.3389362 0.1869770 0.0647371 0.0000000 0.3171757 4.5498767 4.5338334 4.0112034 3.8940881 4.2268017 3.9912445 
Anogam_AGAP011402-RA_66-285  3.7598343 3.2634457 3.3930879 3.1524742 3.0145870 3.2021194 2.9402625 3.1991374 2.8313203 3.0997908 3.4846370 3.3901706 3.4219289 2.8770062 2.8831249 3.0536074 3.1063475 2.9931533 2.8063338 3.1389809 0.3088330 0.2668476 0.3171757 0.0000000 4.7264343 4.6345963 4.3418285 3.9586382 4.4970427 3.9286341 
Dromel_FBtr0331931_162-404   4.5492000 4.7101730 3.2306713 3.4659290 3.5027060 3.5439752 3.3593643 3.3830248 3.4918206 3.1870045 3.3185376 3.3541456 3.2425035 3.5466132 3.3158854 3.2932100 3.2638841 3.6381662 3.7282633 3.0623706 4.7177115 4.4330533 4.5498767 4.7264343 0.0000000 0.5477557 0.9512874 0.7577162 0.7782519 0.8450628 
Dromel_FBtr0331619_173-410   4.5732171 4.9510061 3.0122278 3.2019148 3.2746822 3.2440417 2.7917571 3.2561382 2.9133018 2.9635520 3.5292300 3.1324843 3.1077786 3.1144277 3.0372694 3.0282886 3.0399525 3.5872893 3.6803383 2.7698652 4.8792737 5.6997911 4.5338334 4.6345963 0.5477557 0.0000000 1.0030310 0.7338378 0.8347281 0.7982747 
Anogam_AGAP010149-RA_177-418 4.8060737 5.4450776 3.0436556 3.2939642 3.6283112 3.3927622 3.0182387 3.3507499 3.0861794 3.1665482 3.5566619 3.6608077 3.6824983 3.5103931 3.2942902 3.5004333 3.2684274 3.8376541 3.8987975 3.0340985 4.2417510 3.8573591 4.0112034 4.3418285 0.9512874 1.0030310 0.0000000 0.5050999 0.5558852 0.5876016 
Anogam_AGAP010150-RA_159-405 4.5779045 5.4646810 2.9286381 3.1420312 3.2292727 3.0364885 2.6937455 3.0263490 2.8871619 2.9412231 3.2348702 3.3159310 3.2835788 3.0362880 2.9758939 3.0615834 2.9635435 3.3014562 3.2621341 2.9334796 3.8955601 4.0044499 3.8940881 3.9586382 0.7577162 0.7338378 0.5050999 0.0000000 0.3152005 0.3907193 
Aedaeg_AAEL004278-RA_165-411 4.3309167 5.1298418 3.0002195 3.0284045 3.0706750 2.9884815 2.4943857 2.8552922 2.9724948 2.8074875 3.5678295 3.6133904 3.4125958 3.0443715 2.9047893 2.9750059 2.8120790 3.5297909 3.4347402 2.9279140 4.5229379 4.1905281 4.2268017 4.4970427 0.7782519 0.8347281 0.5558852 0.3152005 0.0000000 0.3815123 
Aedaeg_AAEL005737-RB_185-435 4.5855310 4.9298040 3.1417865 3.4214399 3.3281713 3.2650718 2.7741072 3.2072411 3.1853082 3.1313941 3.6111367 3.4980912 3.3340024 3.2709430 3.1193013 3.2478183 3.1044855 3.3856130 3.3413128 3.0516879 4.1604150 4.1319066 3.9912445 3.9286341 0.8450628 0.7982747 0.5876016 0.3907193 0.3815123 0.0000000 
