61
Dromel_FBtr0333415_16-286   0.0000000 0.4441437 0.4687220 0.4838761 0.5378737 0.5513179 1.2634857 1.1149664 1.0360808 1.1243472 1.0713669 1.1308549 1.1214855 1.1052172 1.1729170 1.1302819 1.0964007 0.9957473 0.9948734 0.9948734 1.3089379 1.0094748 1.0394362 1.0978533 1.1319562 1.1471077 0.8591211 1.1257707 1.1527832 1.3016549 1.3617012 1.3247665 1.2727111 1.1723145 1.0928460 1.2658294 1.1965371 1.2381039 1.1130131 1.1338681 1.2195565 1.2301514 1.2447972 1.3158785 1.4346273 1.2727841 1.1557862 1.1228430 1.2373391 1.3346080 1.3506552 1.3176823 1.3582639 1.5574763 1.3622090 1.6441204 1.4882492 1.5747828 1.4411987 1.5398984 1.3962308 
Dromel_FBtr0347004_16-286   0.4441437 0.0000000 0.5683813 0.4922428 0.5146434 0.5799829 1.1739504 1.1233639 1.0040717 1.1648341 1.0908391 1.2451595 1.2587051 1.1561797 1.1206524 1.1281280 1.1451324 0.9819899 1.0394677 1.0394677 1.4970632 0.9996286 0.9300569 1.1065424 1.0585650 1.1742237 0.8210577 1.0592513 1.0716736 1.4062181 1.2747823 1.1588306 1.1593273 1.1859088 1.0615766 1.2743332 1.3124744 1.1635117 1.2544051 1.3005872 1.3085418 1.2207623 1.2303946 1.2901594 1.3743816 1.3028132 1.2680523 1.0965881 1.1330486 1.1977961 1.2633567 1.2620644 1.2547697 1.2557487 1.3341856 1.5254113 1.5310591 1.5551866 1.4573933 1.6042657 1.5669055 
Dromel_FBtr0347003_16-286   0.4687220 0.5683813 0.0000000 0.3726285 0.4367506 0.4294795 1.1728132 1.1626555 1.0959495 1.1509347 1.1159034 0.9971327 1.0186165 1.0801573 1.0678940 1.1365140 1.1694328 1.2891889 1.0738020 1.0738020 0.8999053 1.0541004 1.0434300 1.0088016 0.9994551 1.0880080 0.8163970 0.9248597 0.9650154 1.2851440 1.2713842 1.2071854 1.2175845 1.1650457 1.0989128 1.2202500 1.1994709 1.2638215 1.0999824 1.1980673 1.1997205 1.2377071 1.2899078 1.2700200 1.4448820 1.3217867 1.1875804 1.1799700 1.2811610 1.1911483 1.3694137 1.3103704 1.3316572 1.4495851 1.4867193 1.5550865 1.6050095 1.5317754 1.5398664 1.5843298 1.3739135 
Dromel_FBtr0083329_16-286   0.4838761 0.4922428 0.3726285 0.0000000 0.2964913 0.2991623 0.9239332 1.0429275 0.9481051 1.0548898 0.9887858 1.0401518 1.0886567 1.0493804 1.0384721 1.0811394 1.1714008 1.0339913 1.0315872 1.0315872 0.9732465 0.9350577 0.9411920 1.0268800 1.0506605 1.1198235 0.7761007 1.0101909 1.0025564 1.2901017 1.2514653 1.1465914 1.0812214 1.0445624 1.0242431 1.1864918 1.1591116 1.0832324 1.1443069 1.2051390 1.2403941 1.1808786 1.2631920 1.1870400 1.4168194 1.2115590 1.1980430 1.0763816 1.1541260 1.1608542 1.3268412 1.2378706 1.3021360 1.4270474 1.2876729 1.3803199 1.5152852 1.3911795 1.4534368 1.5271604 1.3719990 
Dromel_FBtr0083330_16-286   0.5378737 0.5146434 0.4367506 0.2964913 0.0000000 0.3733723 1.0616862 1.0839311 1.0373416 1.0575491 0.9836097 1.1187677 1.1030984 1.0973067 1.0622190 1.0191775 1.1779002 1.0249452 1.0613836 1.0613836 1.3352086 0.8899651 0.9331916 1.1093891 1.0993693 1.1426821 0.7771900 1.0055868 1.0180055 1.3345570 1.2992271 1.2210224 1.1363442 1.0673034 1.0621548 1.2838087 1.1407172 1.1606766 1.1917768 1.2386592 1.1013087 1.1627890 1.1387638 1.1609121 1.4569642 1.1852265 1.2149798 1.0215996 1.0958629 1.0445216 1.1934413 1.1642916 1.2330376 1.4424071 1.2738060 1.4998387 1.5901493 1.3761872 1.3728430 1.5819659 1.3700504 
Dromel_FBtr0300865_27-297   0.5513179 0.5799829 0.4294795 0.2991623 0.3733723 0.0000000 1.1178899 1.1422998 1.0215483 0.9824382 1.0163043 1.0686157 1.1170265 1.1000170 1.0731988 1.0548166 1.1328300 0.9723658 0.9872438 0.9872438 1.1762267 0.9451874 0.9591740 1.1428498 1.1024932 1.0926466 0.7889032 0.9950662 0.9740399 1.3053822 1.2329783 1.1541557 1.2183547 1.2218602 1.1211464 1.2104725 1.1404366 1.1429851 1.1270857 1.2009194 1.1982980 1.1058595 1.2519715 1.2122630 1.3356975 1.2625314 1.2383151 1.1482833 1.2039034 1.1965972 1.4066043 1.3299798 1.3891517 1.3858280 1.3095380 1.4415919 1.3820909 1.3945470 1.3806619 1.6778973 1.3815609 
Dromel_FBtr0088449_39-310   1.2634857 1.1739504 1.1728132 0.9239332 1.0616862 1.1178899 0.0000000 0.4669282 0.5577759 0.9488009 0.9403211 1.0895377 1.1086779 0.8827882 1.0322589 1.0621129 0.9139518 0.7047236 0.8481894 0.8481894 0.5357948 0.9092129 0.9032808 1.0367280 0.9688763 1.1264826 1.0233231 1.0271485 1.0592748 1.0208035 1.0073117 0.9691182 0.9473966 0.8806147 0.8895848 1.0547466 1.2226028 1.1267006 1.1528867 1.2153297 1.1575536 1.1375006 1.1540408 1.2213082 1.2834899 1.2530786 1.2173319 1.0622738 1.1381494 1.1375043 1.3716816 1.2850534 1.3271219 1.4003534 1.3275816 1.4385781 1.7330502 1.6026828 1.2339791 1.4136512 1.3291207 
Anogam_AGAP005515-RA_23-295 1.1149664 1.1233639 1.1626555 1.0429275 1.0839311 1.1422998 0.4669282 0.0000000 0.2131316 0.9848571 0.9810237 1.1395210 1.1656892 0.9447449 1.1050784 1.1172756 0.9482330 0.8049698 0.8593999 0.8593999 0.5224774 0.9334667 0.9930149 1.1299887 1.0961363 1.1710114 0.8210665 1.0127627 1.0308990 1.0800536 1.0841764 1.0024814 1.0881279 0.9755558 0.9178928 1.0571192 1.1496780 1.1021613 1.1739311 1.2156527 1.2073807 1.0958347 1.0768567 1.3113404 1.3443439 1.2200238 1.2105550 1.2593737 1.3103786 1.2683654 1.4973299 1.3584701 1.3432892 1.4843544 1.5385093 1.7097723 1.5908031 1.6624632 1.3651193 1.7710380 1.2419062 
Aedaeg_AAEL013648-RB_23-294 1.0360808 1.0040717 1.0959495 0.9481051 1.0373416 1.0215483 0.5577759 0.2131316 0.0000000 0.9487459 1.0211137 1.1247393 1.1443974 0.9376485 1.1009132 1.1181657 0.9453926 0.8892824 0.9258333 0.9258333 0.6207140 0.9348325 0.9809118 1.1347973 1.1518956 1.2412113 0.7845429 1.1629451 1.1567696 1.0941009 1.0614977 1.0101079 1.0139661 0.9753106 0.8729176 1.0850138 1.1871116 1.2225778 1.2054802 1.2384396 1.2141644 1.0942722 1.1389148 1.3656624 1.4882759 1.3235009 1.2940222 1.3462704 1.2784760 1.3568498 1.5726984 1.4450598 1.3946145 1.5241166 1.5158231 1.7393945 1.6735102 1.7075081 1.4101895 1.8015879 1.3715876 
Dromel_FBtr0333800_14-282   1.1243472 1.1648341 1.1509347 1.0548898 1.0575491 0.9824382 0.9488009 0.9848571 0.9487459 0.0000000 0.8004387 0.7791174 0.8051173 0.7519880 0.7775114 0.7891279 0.6807883 0.8878221 0.7614460 0.7614460 0.6729655 0.8902589 0.9955580 1.0345111 0.9398877 1.0837722 0.9867125 1.1265598 1.1165560 1.2259600 1.1536921 1.1896482 1.1695557 1.1779620 1.0861864 1.1716396 1.2320578 1.1524293 1.2643699 1.2803253 1.1389899 1.1489225 1.1942345 1.1762868 1.4445002 1.2610180 1.2880372 1.1252014 1.4357175 1.3439236 1.4126961 1.4111782 1.3184741 1.3222798 1.2028221 1.5355224 1.7703934 1.7544696 0.9926892 1.6591632 1.3560131 
Anogam_AGAP004784-RA_20-289 1.0713669 1.0908391 1.1159034 0.9887858 0.9836097 1.0163043 0.9403211 0.9810237 1.0211137 0.8004387 0.0000000 0.4957785 0.5050326 0.4171123 0.6846288 0.5655458 0.7591060 0.6304983 0.6606546 0.6606546 0.4810500 0.9694366 0.9738642 1.0733767 1.0459286 1.2488557 1.0995140 1.0015006 0.9939522 1.0904646 1.1773840 1.1072002 1.0875190 1.0400676 1.1432277 1.1977089 1.2111697 1.1483627 1.2575237 1.2625735 1.1897329 1.2322082 1.2398389 1.4005138 1.4916998 1.2676561 1.2383130 1.2559370 1.2648314 1.2942855 1.2766865 1.2896174 1.3878718 1.3171525 1.1883467 1.4876684 1.6645968 1.5841239 1.1170335 1.4003841 1.4641243 
Aedaeg_AAEL013910-RA_20-289 1.1308549 1.2451595 0.9971327 1.0401518 1.1187677 1.0686157 1.0895377 1.1395210 1.1247393 0.7791174 0.4957785 0.0000000 0.0545076 0.2813180 0.6638085 0.6102216 0.7154335 0.7858188 0.6882109 0.6882109 0.6063575 0.9255286 0.9611867 0.9406516 0.9201233 1.2057147 1.0445200 1.1590049 1.1717787 1.1572495 1.1584848 1.1065928 1.0516573 1.1769895 1.1518837 1.2370828 1.2920449 1.2586950 1.1566878 1.2199290 1.3111720 1.2716355 1.2874277 1.4066928 1.5423940 1.3575243 1.1969064 1.2928261 1.3370030 1.3299200 1.3015863 1.2550384 1.3018051 1.3304569 1.3052985 1.4908665 1.8646843 1.6197082 1.0081385 1.4927805 1.4236411 
Aedaeg_AAEL013912-RA_20-289 1.1214855 1.2587051 1.0186165 1.0886567 1.1030984 1.1170265 1.1086779 1.1656892 1.1443974 0.8051173 0.5050326 0.0545076 0.0000000 0.3171781 0.6783306 0.6548558 0.7396407 0.8654797 0.7350222 0.7350222 0.6741583 0.9952349 1.0170218 0.9665899 0.9600914 1.2146436 1.0818665 1.2078482 1.2326724 1.1645793 1.1744733 1.1596392 1.0992663 1.2397826 1.1931136 1.2731864 1.3150518 1.3191737 1.1489343 1.2031958 1.2933455 1.3186523 1.2804496 1.4199351 1.6172304 1.3925487 1.2419740 1.3301668 1.3809680 1.3619599 1.3419320 1.3187136 1.3395525 1.3556764 1.2984157 1.4901716 1.9244728 1.6716848 1.0348206 1.5510941 1.4636036 
Aedaeg_AAEL026746-RA_26-295 1.1052172 1.1561797 1.0801573 1.0493804 1.0973067 1.1000170 0.8827882 0.9447449 0.9376485 0.7519880 0.4171123 0.2813180 0.3171781 0.0000000 0.6598483 0.5968645 0.6337903 0.7599194 0.5999895 0.5999895 0.2788660 0.8798559 0.9095841 0.9304473 0.9248581 1.1785011 0.9067521 1.0643285 1.0933816 0.9911480 1.0292533 0.9986676 0.8923795 0.9793118 0.9367218 1.0950924 1.2042071 1.1886041 1.2246193 1.2317707 1.2562248 1.1525916 1.2231360 1.4339355 1.4773578 1.1979930 1.0870739 1.1810240 1.2105620 1.2205760 1.2051070 1.2070752 1.1933168 1.2257909 1.2054130 1.3995852 1.6779281 1.5317142 1.0815795 1.4022611 1.3127911 
Anogam_AGAP004787-RA_22-292 1.1729170 1.1206524 1.0678940 1.0384721 1.0622190 1.0731988 1.0322589 1.1050784 1.1009132 0.7775114 0.6846288 0.6638085 0.6783306 0.6598483 0.0000000 0.4514949 0.8027068 0.6860506 0.8046522 0.8046522 0.5748419 0.8043712 0.8468989 0.8743762 0.8322826 1.1388585 1.0599847 1.0936914 1.1121036 1.0177479 1.0512975 1.0781381 1.0083141 1.1618577 1.1112278 1.1329049 1.1358159 1.1840939 1.1759240 1.1684101 1.1646677 1.2103858 1.1755210 1.2851502 1.4992293 1.2129626 1.0765613 1.2512362 1.1831536 1.2540392 1.2739465 1.1508468 1.2853031 1.2280000 1.2119787 1.4303434 1.6467892 1.5934248 1.0220727 1.5429162 1.1508820 
Aedaeg_AAEL024012-RA_32-300 1.1302819 1.1281280 1.1365140 1.0811394 1.0191775 1.0548166 1.0621129 1.1172756 1.1181657 0.7891279 0.5655458 0.6102216 0.6548558 0.5968645 0.4514949 0.0000000 0.7774273 0.6591039 0.7748495 0.7748495 0.7514601 0.8022259 0.9490559 0.9228954 0.8938944 1.1595179 0.9183626 1.0843100 1.0661431 1.1175928 1.1537137 1.1267494 1.0847063 1.2894913 1.1917182 1.2091467 1.1922819 1.1277806 1.2868276 1.1982077 1.2097249 1.2327845 1.2404422 1.2559635 1.3750395 1.2391666 1.2387714 1.3116714 1.2102422 1.2501524 1.2904051 1.1229060 1.3671592 1.3052964 1.2997020 1.4448458 1.7763145 1.5523678 1.1849769 1.5291704 1.3438734 
Anogam_AGAP001084-RA_36-305 1.0964007 1.1451324 1.1694328 1.1714008 1.1779002 1.1328300 0.9139518 0.9482330 0.9453926 0.6807883 0.7591060 0.7154335 0.7396407 0.6337903 0.8027068 0.7774273 0.0000000 0.4016175 0.2954113 0.2954113 0.0789308 0.8667830 0.9218984 1.1087400 0.9990114 1.2571951 0.9388686 1.1040512 1.1013153 1.2004783 1.2610795 1.0327549 0.9870282 1.0383303 1.0118550 1.1877471 1.2872204 1.3076849 1.2002441 1.1917407 1.2110414 1.1894133 1.0219813 1.3563005 1.5724616 1.3178320 1.2335418 1.3033576 1.3356978 1.2171318 1.2221005 1.1798721 1.3040189 1.3720911 1.3382580 1.5658991 1.6625803 1.6425071 1.0751048 1.8358635 1.3618243 
Aedaeg_AAEL024693-RA_36-144 0.9957473 0.9819899 1.2891889 1.0339913 1.0249452 0.9723658 0.7047236 0.8049698 0.8892824 0.8878221 0.6304983 0.7858188 0.8654797 0.7599194 0.6860506 0.6591039 0.4016175 0.0000000 0.0000010 0.0000010 9.0000000 0.7139540 0.6897499 0.7811414 0.6891156 1.1230781 1.2661824 1.1139855 1.1325239 1.1582918 1.0252767 1.0436942 0.9931309 1.0263443 1.0014894 1.1678978 1.2995071 1.2330394 1.4096218 1.4862311 1.2518079 1.1641099 1.1698837 1.4685536 1.5305286 1.2904447 1.2023086 0.9988620 1.3300799 1.3418789 1.1175160 0.8023227 1.0011997 1.5622902 1.3314829 1.5644404 1.4489583 1.3887591 1.0287077 1.3576498 1.2558035 
Aedaeg_AAEL021335-RA_36-305 0.9948734 1.0394677 1.0738020 1.0315872 1.0613836 0.9872438 0.8481894 0.8593999 0.9258333 0.7614460 0.6606546 0.6882109 0.7350222 0.5999895 0.8046522 0.7748495 0.2954113 0.0000010 0.0000000 0.0000010 0.0000010 0.8871312 0.8807774 0.9845078 0.9742724 1.2629714 1.0380181 1.1603042 1.1586064 1.1262819 1.1739371 1.1168435 0.9935683 1.0792823 1.0725958 1.1484445 1.2710040 1.2237540 1.3051062 1.3435245 1.2351419 1.1220664 1.1045230 1.3632976 1.4314759 1.3587787 1.2594148 1.1823107 1.2887777 1.1387140 1.2059739 1.0983477 1.1692275 1.3700838 1.2825748 1.4714997 1.6385420 1.5504880 1.0466690 1.5676815 1.3819323 
Aedaeg_AAEL027155-RA_52-321 0.9948734 1.0394677 1.0738020 1.0315872 1.0613836 0.9872438 0.8481894 0.8593999 0.9258333 0.7614460 0.6606546 0.6882109 0.7350222 0.5999895 0.8046522 0.7748495 0.2954113 0.0000010 0.0000010 0.0000000 0.0000010 0.8871312 0.8807774 0.9845078 0.9742724 1.2629714 1.0380181 1.1603042 1.1586064 1.1262819 1.1739371 1.1168435 0.9935683 1.0792823 1.0725958 1.1484445 1.2710040 1.2237540 1.3051062 1.3435245 1.2351419 1.1220664 1.1045230 1.3632976 1.4314759 1.3587787 1.2594148 1.1823107 1.2887777 1.1387140 1.2059739 1.0983477 1.1692275 1.3700838 1.2825748 1.4714997 1.6385420 1.5504880 1.0466690 1.5676815 1.3819323 
Aedaeg_AAEL026448-RA_3-50   1.3089379 1.4970632 0.8999053 0.9732465 1.3352086 1.1762267 0.5357948 0.5224774 0.6207140 0.6729655 0.4810500 0.6063575 0.6741583 0.2788660 0.5748419 0.7514601 0.0789308 9.0000000 0.0000010 0.0000010 0.0000000 0.8028896 0.8910489 1.2860307 1.5287245 1.5758128 0.8063927 0.6796183 0.6796183 0.6664103 0.8314806 0.7528955 0.8628008 0.9045677 0.9163652 1.1380611 1.2067870 1.1483084 1.5026164 1.4710159 1.2614530 1.2940425 1.1054556 1.3889668 1.4184525 1.7060230 1.7393009 1.3047219 0.9144847 0.9125500 0.8704758 0.9137344 1.2943784 0.7508834 0.8010758 1.3801586 1.5119701 1.7114269 1.7396688 1.7706126 1.4446071 
Dromel_FBtr0306250_130-400  1.0094748 0.9996286 1.0541004 0.9350577 0.8899651 0.9451874 0.9092129 0.9334667 0.9348325 0.8902589 0.9694366 0.9255286 0.9952349 0.8798559 0.8043712 0.8022259 0.8667830 0.7139540 0.8871312 0.8871312 0.8028896 0.0000000 0.2286313 0.8201656 0.7020948 0.8951891 0.8123983 0.8732261 0.9143674 0.9961023 0.9374179 0.8270764 0.8670753 0.8606656 0.8402496 0.8534396 0.8703758 0.8541550 1.1568070 1.0909262 1.0001603 1.0425259 1.1860400 1.0808623 1.4677752 1.1188805 1.1663518 0.9782404 1.0705152 1.1352952 1.1069213 1.0589509 1.1269886 1.2415196 1.1422131 1.3465952 1.5070039 1.5186714 1.2226230 1.5244054 1.0599065 
Aedaeg_AAEL007298-RD_35-305 1.0394362 0.9300569 1.0434300 0.9411920 0.9331916 0.9591740 0.9032808 0.9930149 0.9809118 0.9955580 0.9738642 0.9611867 1.0170218 0.9095841 0.8468989 0.9490559 0.9218984 0.6897499 0.8807774 0.8807774 0.8910489 0.2286313 0.0000000 0.8472712 0.7117920 0.9033155 0.8738715 0.8409019 0.8815073 1.0221126 0.9302721 0.8209434 1.0594708 0.9990865 0.8879360 0.9887631 0.9821340 1.0019775 1.2039285 1.1913142 1.0830083 1.1376823 1.1367320 1.1908320 1.4116576 1.2591891 1.2886140 0.9537119 1.0191627 1.0950758 1.0925815 1.0132854 1.0573550 1.1760383 1.1785527 1.3987291 1.6787643 1.5712892 1.4183927 1.5443422 1.2636392 
Anogam_AGAP009690-RA_32-301 1.0978533 1.1065424 1.0088016 1.0268800 1.1093891 1.1428498 1.0367280 1.1299887 1.1347973 1.0345111 1.0733767 0.9406516 0.9665899 0.9304473 0.8743762 0.9228954 1.1087400 0.7811414 0.9845078 0.9845078 1.2860307 0.8201656 0.8472712 0.0000000 0.2728736 0.7359801 1.2508044 1.0984133 1.0969369 1.1136405 0.9949801 0.9853493 0.9811139 0.9684629 0.9490436 1.1173943 1.0484981 1.1369500 1.2326993 1.2002316 1.2244882 1.2494602 1.3089753 1.3169159 1.4769635 1.1392523 1.1375952 1.1135349 1.3409358 1.3116828 1.3122497 1.1722734 1.2460218 1.4096953 1.4224170 1.5841317 1.6122409 1.3864600 1.4024930 1.5773619 1.3346376 
Aedaeg_AAEL013802-RA_75-344 1.1319562 1.0585650 0.9994551 1.0506605 1.0993693 1.1024932 0.9688763 1.0961363 1.1518956 0.9398877 1.0459286 0.9201233 0.9600914 0.9248581 0.8322826 0.8938944 0.9990114 0.6891156 0.9742724 0.9742724 1.5287245 0.7020948 0.7117920 0.2728736 0.0000000 0.6718629 1.1147546 0.9804926 0.9403084 1.0447193 0.9578419 0.9756832 0.9994680 0.9430944 0.8696666 1.0328908 0.9876047 1.0433498 1.1977878 1.1174191 1.0726384 1.2009747 1.2214874 1.3099939 1.3856420 1.1512969 1.0844760 1.0518946 1.1965874 1.2764728 1.3219996 1.1049986 1.2227386 1.2950946 1.3905450 1.5112969 1.6597507 1.5018638 1.2149849 1.5505550 1.3611239 
Dromel_FBtr0083822_23-295   1.1471077 1.1742237 1.0880080 1.1198235 1.1426821 1.0926466 1.1264826 1.1710114 1.2412113 1.0837722 1.2488557 1.2057147 1.2146436 1.1785011 1.1388585 1.1595179 1.2571951 1.1230781 1.2629714 1.2629714 1.5758128 0.8951891 0.9033155 0.7359801 0.6718629 0.0000000 1.2146190 1.1398589 1.1354997 1.2883167 1.2880803 1.1731290 1.3139934 1.2399714 1.0742903 1.1936376 1.2053258 1.1565296 1.3476836 1.3088429 1.3181174 1.4042842 1.3039992 1.3600154 1.4760835 1.4029017 1.3626181 1.0601309 1.3762918 1.2735220 1.2676456 1.2169634 1.2464361 1.3506874 1.4464296 1.5194836 1.6212871 1.4572635 1.4539806 1.5014282 1.3859192 
Dromel_FBtr0085345_43-311   0.8591211 0.8210577 0.8163970 0.7761007 0.7771900 0.7889032 1.0233231 0.8210665 0.7845429 0.9867125 1.0995140 1.0445200 1.0818665 0.9067521 1.0599847 0.9183626 0.9388686 1.2661824 1.0380181 1.0380181 0.8063927 0.8123983 0.8738715 1.2508044 1.1147546 1.2146190 0.0000000 0.6556408 0.6527549 1.1454486 1.0917420 1.0416010 1.0816331 1.0753673 0.9595473 1.0510134 1.1316389 1.1384556 0.8681671 0.9610364 0.9367525 0.9176278 0.8685560 1.0757600 1.1536128 1.1811141 1.0787860 1.0339234 1.1423573 1.1656407 1.2156731 1.1838893 1.2872698 1.2754912 1.2770610 1.4325000 1.3777461 1.3084614 1.3733150 1.5531067 1.3711201 
Anogam_AGAP011736-RA_47-316 1.1257707 1.0592513 0.9248597 1.0101909 1.0055868 0.9950662 1.0271485 1.0127627 1.1629451 1.1265598 1.0015006 1.1590049 1.2078482 1.0643285 1.0936914 1.0843100 1.1040512 1.1139855 1.1603042 1.1603042 0.6796183 0.8732261 0.8409019 1.0984133 0.9804926 1.1398589 0.6556408 0.0000000 0.0618597 1.1675122 1.1913119 1.1658966 1.1102814 1.0855192 1.0360284 1.1569547 1.2834101 1.1063246 1.1294155 1.1298982 1.0651870 1.1251571 1.0837500 1.2089658 1.3221752 1.2830250 1.1809822 0.9493868 1.1732891 1.1417827 1.1123295 1.1192059 1.2373995 1.0964311 1.1786232 1.4017285 1.5869255 1.4441327 1.5332821 1.3926798 1.5699798 
Aedaeg_AAEL006774-RA_49-318 1.1527832 1.0716736 0.9650154 1.0025564 1.0180055 0.9740399 1.0592748 1.0308990 1.1567696 1.1165560 0.9939522 1.1717787 1.2326724 1.0933816 1.1121036 1.0661431 1.1013153 1.1325239 1.1586064 1.1586064 0.6796183 0.9143674 0.8815073 1.0969369 0.9403084 1.1354997 0.6527549 0.0618597 0.0000000 1.2141183 1.1534630 1.1814613 1.1411656 1.0928655 1.0352243 1.1632190 1.3100422 1.1395481 1.1119636 1.1335846 1.0780837 1.1727196 1.0604185 1.2483711 1.2915424 1.2954027 1.2094843 0.9755735 1.1976112 1.1512893 1.0793392 1.0840512 1.2503453 1.1336693 1.2215785 1.3943385 1.4896269 1.4457281 1.5478111 1.4190273 1.5744041 
Dromel_FBtr0309244_19-287   1.3016549 1.4062181 1.2851440 1.2901017 1.3345570 1.3053822 1.0208035 1.0800536 1.0941009 1.2259600 1.0904646 1.1572495 1.1645793 0.9911480 1.0177479 1.1175928 1.2004783 1.1582918 1.1262819 1.1262819 0.6664103 0.9961023 1.0221126 1.1136405 1.0447193 1.2883167 1.1454486 1.1675122 1.2141183 0.0000000 0.5789924 0.5509617 0.9579921 0.9955511 1.0194849 1.2269818 1.1693753 1.2449053 1.2149423 1.2395014 1.1669243 1.2075096 1.2775461 1.4157923 1.2839283 1.1873276 1.1766825 1.2038192 1.2845403 1.3750107 1.2915682 1.3311128 1.6767913 1.3630063 1.4064713 1.7048770 1.7480810 1.6721558 1.3976380 1.8249724 1.3522659 
Anogam_AGAP003611-RA_21-289 1.3617012 1.2747823 1.2713842 1.2514653 1.2992271 1.2329783 1.0073117 1.0841764 1.0614977 1.1536921 1.1773840 1.1584848 1.1744733 1.0292533 1.0512975 1.1537137 1.2610795 1.0252767 1.1739371 1.1739371 0.8314806 0.9374179 0.9302721 0.9949801 0.9578419 1.2880803 1.0917420 1.1913119 1.1534630 0.5789924 0.0000000 0.2597797 1.0263523 1.0962665 0.9453019 1.1543026 1.1415869 1.1374654 1.4427345 1.4904062 1.4502430 1.4405231 1.3542164 1.4052848 1.4980464 1.5784789 1.4920685 1.2028081 1.3263819 1.3129737 1.3753959 1.3258595 1.5259753 1.2588328 1.2861382 1.6866853 1.7685293 1.7897097 1.4125984 1.7147056 1.2899979 
Aedaeg_AAEL014302-RB_37-305 1.3247665 1.1588306 1.2071854 1.1465914 1.2210224 1.1541557 0.9691182 1.0024814 1.0101079 1.1896482 1.1072002 1.1065928 1.1596392 0.9986676 1.0781381 1.1267494 1.0327549 1.0436942 1.1168435 1.1168435 0.7528955 0.8270764 0.8209434 0.9853493 0.9756832 1.1731290 1.0416010 1.1658966 1.1814613 0.5509617 0.2597797 0.0000000 0.9353134 1.0322285 0.8823947 1.2329342 1.2187811 1.1872327 1.2751547 1.2791611 1.3015743 1.3060863 1.3093556 1.2496899 1.4519912 1.4811049 1.4845464 1.1492131 1.2406147 1.2271193 1.2128468 1.1926198 1.3883276 1.1405446 1.2592194 1.6187700 1.6228124 1.6059968 1.4989719 1.7115417 1.3260164 
Dromel_FBtr0308071_26-295   1.2727111 1.1593273 1.2175845 1.0812214 1.1363442 1.2183547 0.9473966 1.0881279 1.0139661 1.1695557 1.0875190 1.0516573 1.0992663 0.8923795 1.0083141 1.0847063 0.9870282 0.9931309 0.9935683 0.9935683 0.8628008 0.8670753 1.0594708 0.9811139 0.9994680 1.3139934 1.0816331 1.1102814 1.1411656 0.9579921 1.0263523 0.9353134 0.0000000 0.5615767 0.5371775 1.1041569 1.1882296 1.1274187 1.1703468 1.1988304 1.2530152 1.1957605 1.2617408 1.3287971 1.5073349 1.2962861 1.2608284 1.2509011 1.3271449 1.2821354 1.3326632 1.3195286 1.3564650 1.4230444 1.4222021 1.5463187 1.6957238 1.6077742 1.2737523 1.7079222 1.4619957 
Anogam_AGAP002279-RA_44-314 1.1723145 1.1859088 1.1650457 1.0445624 1.0673034 1.2218602 0.8806147 0.9755558 0.9753106 1.1779620 1.0400676 1.1769895 1.2397826 0.9793118 1.1618577 1.2894913 1.0383303 1.0263443 1.0792823 1.0792823 0.9045677 0.8606656 0.9990865 0.9684629 0.9430944 1.2399714 1.0753673 1.0855192 1.0928655 0.9955511 1.0962665 1.0322285 0.5615767 0.0000000 0.3373727 0.9204673 1.0741061 1.0547596 1.1641499 1.1816238 1.1862459 1.1543006 1.2341241 1.3571091 1.5467657 1.2786863 1.2194144 1.1948297 1.3078372 1.2281866 1.3482147 1.4787538 1.4209829 1.3228582 1.5070978 1.5688728 1.5871418 1.5067584 1.3483556 1.7653872 1.5339238 
Aedaeg_AAEL008125-RA_28-298 1.0928460 1.0615766 1.0989128 1.0242431 1.0621548 1.1211464 0.8895848 0.9178928 0.8729176 1.0861864 1.1432277 1.1518837 1.1931136 0.9367218 1.1112278 1.1917182 1.0118550 1.0014894 1.0725958 1.0725958 0.9163652 0.8402496 0.8879360 0.9490436 0.8696666 1.0742903 0.9595473 1.0360284 1.0352243 1.0194849 0.9453019 0.8823947 0.5371775 0.3373727 0.0000000 0.9145523 1.1980304 1.1641676 1.1364971 1.1201219 1.1526300 1.1829202 1.1350692 1.3903224 1.5129589 1.2155099 1.2161171 1.1231707 1.1176246 1.1937022 1.3627542 1.4299684 1.2826497 1.2826595 1.3858781 1.5144697 1.5477992 1.4937886 1.2959911 1.6998589 1.3929554 
Dromel_FBtr0087120_17-287   1.2658294 1.2743332 1.2202500 1.1864918 1.2838087 1.2104725 1.0547466 1.0571192 1.0850138 1.1716396 1.1977089 1.2370828 1.2731864 1.0950924 1.1329049 1.2091467 1.1877471 1.1678978 1.1484445 1.1484445 1.1380611 0.8534396 0.9887631 1.1173943 1.0328908 1.1936376 1.0510134 1.1569547 1.1632190 1.2269818 1.1543026 1.2329342 1.1041569 0.9204673 0.9145523 0.0000000 0.4718515 0.4471110 1.3778745 1.3857799 1.2050642 1.1838036 1.2326599 1.5886340 1.6164100 1.3517376 1.1144296 1.2627258 1.3679771 1.3805178 1.4841596 1.4749781 1.6302781 1.4728319 1.4268738 1.6675877 1.6164991 1.5723678 1.4019291 1.7377832 1.2467496 
Anogam_AGAP003606-RA_16-286 1.1965371 1.3124744 1.1994709 1.1591116 1.1407172 1.1404366 1.2226028 1.1496780 1.1871116 1.2320578 1.2111697 1.2920449 1.3150518 1.2042071 1.1358159 1.1922819 1.2872204 1.2995071 1.2710040 1.2710040 1.2067870 0.8703758 0.9821340 1.0484981 0.9876047 1.2053258 1.1316389 1.2834101 1.3100422 1.1693753 1.1415869 1.2187811 1.1882296 1.0741061 1.1980304 0.4718515 0.0000000 0.2524970 1.5379332 1.4887800 1.2789721 1.3121478 1.3461972 1.4097857 1.6719725 1.3380372 1.2271866 1.3508592 1.3815627 1.3652134 1.5627943 1.5309653 1.6453484 1.6155299 1.5813019 1.8612862 1.8364545 1.8247646 1.5205056 1.6753559 1.4108277 
Aedaeg_AAEL007296-RB_17-288 1.2381039 1.1635117 1.2638215 1.0832324 1.1606766 1.1429851 1.1267006 1.1021613 1.2225778 1.1524293 1.1483627 1.2586950 1.3191737 1.1886041 1.1840939 1.1277806 1.3076849 1.2330394 1.2237540 1.2237540 1.1483084 0.8541550 1.0019775 1.1369500 1.0433498 1.1565296 1.1384556 1.1063246 1.1395481 1.2449053 1.1374654 1.1872327 1.1274187 1.0547596 1.1641676 0.4471110 0.2524970 0.0000000 1.5376845 1.4777835 1.2926839 1.2934777 1.3978764 1.5361212 1.6319961 1.3251554 1.2706947 1.2252780 1.3289941 1.3116828 1.5069956 1.5423780 1.5768129 1.5416699 1.4867273 1.6830894 1.6492211 1.6531739 1.4786729 1.6040142 1.3831656 
Anogam_AGAP005984-RB_39-309 1.1130131 1.2544051 1.0999824 1.1443069 1.1917768 1.1270857 1.1528867 1.1739311 1.2054802 1.2643699 1.2575237 1.1566878 1.1489343 1.2246193 1.1759240 1.2868276 1.2002441 1.4096218 1.3051062 1.3051062 1.5026164 1.1568070 1.2039285 1.2326993 1.1977878 1.3476836 0.8681671 1.1294155 1.1119636 1.2149423 1.4427345 1.2751547 1.1703468 1.1641499 1.1364971 1.3778745 1.5379332 1.5376845 0.0000000 0.1306668 0.7075890 0.7873995 0.7507147 0.9749465 1.0813444 1.0590820 0.9070009 1.2576273 1.3138706 1.3301935 1.5383277 1.4594474 1.5386797 1.5972650 1.7101025 1.7535962 1.6276902 1.6977451 1.4441659 1.6107269 1.4850269 
Aedaeg_AAEL007218-RE_35-304 1.1338681 1.3005872 1.1980673 1.2051390 1.2386592 1.2009194 1.2153297 1.2156527 1.2384396 1.2803253 1.2625735 1.2199290 1.2031958 1.2317707 1.1684101 1.1982077 1.1917407 1.4862311 1.3435245 1.3435245 1.4710159 1.0909262 1.1913142 1.2002316 1.1174191 1.3088429 0.9610364 1.1298982 1.1335846 1.2395014 1.4904062 1.2791611 1.1988304 1.1816238 1.1201219 1.3857799 1.4887800 1.4777835 0.1306668 0.0000000 0.7263354 0.7967153 0.8503499 0.9599649 1.1092081 1.0386785 0.9617434 1.3662625 1.3523038 1.4216061 1.6114071 1.5436848 1.6164344 1.5867394 1.6994056 1.7696978 1.6493940 1.7744646 1.4409240 1.6411796 1.4800018 
Anogam_AGAP005985-RA_24-292 1.2195565 1.3085418 1.1997205 1.2403941 1.1013087 1.1982980 1.1575536 1.2073807 1.2141644 1.1389899 1.1897329 1.3111720 1.2933455 1.2562248 1.1646677 1.2097249 1.2110414 1.2518079 1.2351419 1.2351419 1.2614530 1.0001603 1.0830083 1.2244882 1.0726384 1.3181174 0.9367525 1.0651870 1.0780837 1.1669243 1.4502430 1.3015743 1.2530152 1.1862459 1.1526300 1.2050642 1.2789721 1.2926839 0.7075890 0.7263354 0.0000000 0.3820256 0.3859199 0.7418362 0.9247489 1.2529008 1.2104066 1.2790144 1.2171138 1.2893069 1.5024301 1.4112414 1.5743477 1.4696790 1.4440243 1.8627369 1.6725746 1.7563039 1.3701188 1.4978673 1.4767304 
Anogam_AGAP005986-RA_25-294 1.2301514 1.2207623 1.2377071 1.1808786 1.1627890 1.1058595 1.1375006 1.0958347 1.0942722 1.1489225 1.2322082 1.2716355 1.3186523 1.1525916 1.2103858 1.2327845 1.1894133 1.1641099 1.1220664 1.1220664 1.2940425 1.0425259 1.1376823 1.2494602 1.2009747 1.4042842 0.9176278 1.1251571 1.1727196 1.2075096 1.4405231 1.3060863 1.1957605 1.1543006 1.1829202 1.1838036 1.3121478 1.2934777 0.7873995 0.7967153 0.3820256 0.0000000 0.4395897 0.7736252 0.8249744 1.2621954 1.2010268 1.2446203 1.2708038 1.2474962 1.5308446 1.4168047 1.4463499 1.4736563 1.4437295 1.9146312 1.7366621 1.7510696 1.2697533 1.5459758 1.2439293 
Aedaeg_AAEL007220-RA_24-293 1.2447972 1.2303946 1.2899078 1.2631920 1.1387638 1.2519715 1.1540408 1.0768567 1.1389148 1.1942345 1.2398389 1.2874277 1.2804496 1.2231360 1.1755210 1.2404422 1.0219813 1.1698837 1.1045230 1.1045230 1.1054556 1.1860400 1.1367320 1.3089753 1.2214874 1.3039992 0.8685560 1.0837500 1.0604185 1.2775461 1.3542164 1.3093556 1.2617408 1.2341241 1.1350692 1.2326599 1.3461972 1.3978764 0.7507147 0.8503499 0.3859199 0.4395897 0.0000000 0.8871124 0.8949715 1.2577579 1.0800032 1.2406651 1.4086495 1.4063036 1.5342286 1.4217976 1.5416095 1.5841811 1.4992610 1.9161021 1.9175234 1.9101621 1.5170785 1.7498504 1.4657980 
Aedaeg_AAEL001747-RB_34-302 1.3158785 1.2901594 1.2700200 1.1870400 1.1609121 1.2122630 1.2213082 1.3113404 1.3656624 1.1762868 1.4005138 1.4066928 1.4199351 1.4339355 1.2851502 1.2559635 1.3563005 1.4685536 1.3632976 1.3632976 1.3889668 1.0808623 1.1908320 1.3169159 1.3099939 1.3600154 1.0757600 1.2089658 1.2483711 1.4157923 1.4052848 1.2496899 1.3287971 1.3571091 1.3903224 1.5886340 1.4097857 1.5361212 0.9749465 0.9599649 0.7418362 0.7736252 0.8871124 0.0000000 0.9452488 1.3502281 1.3221445 1.3209439 1.3556059 1.3175978 1.6147858 1.3907154 1.3744739 1.4165750 1.5973173 1.9374080 1.8121083 1.7705463 1.6330654 1.5549039 1.4183166 
Aedaeg_AAEL001737-RA_30-298 1.4346273 1.3743816 1.4448820 1.4168194 1.4569642 1.3356975 1.2834899 1.3443439 1.4882759 1.4445002 1.4916998 1.5423940 1.6172304 1.4773578 1.4992293 1.3750395 1.5724616 1.5305286 1.4314759 1.4314759 1.4184525 1.4677752 1.4116576 1.4769635 1.3856420 1.4760835 1.1536128 1.3221752 1.2915424 1.2839283 1.4980464 1.4519912 1.5073349 1.5467657 1.5129589 1.6164100 1.6719725 1.6319961 1.0813444 1.1092081 0.9247489 0.8249744 0.8949715 0.9452488 0.0000000 1.4435215 1.4598170 1.3797781 1.4721368 1.5216851 1.6320832 1.4988960 1.6842248 1.4964663 1.6974683 1.9210158 1.6744004 1.6523925 1.6844786 1.7475457 1.5215601 
Anogam_AGAP001343-RA_21-287 1.2727841 1.3028132 1.3217867 1.2115590 1.1852265 1.2625314 1.2530786 1.2200238 1.3235009 1.2610180 1.2676561 1.3575243 1.3925487 1.1979930 1.2129626 1.2391666 1.3178320 1.2904447 1.3587787 1.3587787 1.7060230 1.1188805 1.2591891 1.1392523 1.1512969 1.4029017 1.1811141 1.2830250 1.2954027 1.1873276 1.5784789 1.4811049 1.2962861 1.2786863 1.2155099 1.3517376 1.3380372 1.3251554 1.0590820 1.0386785 1.2529008 1.2621954 1.2577579 1.3502281 1.4435215 0.0000000 0.2881982 1.3281790 1.3558822 1.3794278 1.4845403 1.3593745 1.5548294 1.5619319 1.6484405 1.9224049 1.6786849 1.7222704 1.5535513 1.8980688 1.3438270 
Aedaeg_AAEL008815-RB_15-281 1.1557862 1.2680523 1.1875804 1.1980430 1.2149798 1.2383151 1.2173319 1.2105550 1.2940222 1.2880372 1.2383130 1.1969064 1.2419740 1.0870739 1.0765613 1.2387714 1.2335418 1.2023086 1.2594148 1.2594148 1.7393009 1.1663518 1.2886140 1.1375952 1.0844760 1.3626181 1.0787860 1.1809822 1.2094843 1.1766825 1.4920685 1.4845464 1.2608284 1.2194144 1.2161171 1.1144296 1.2271866 1.2706947 0.9070009 0.9617434 1.2104066 1.2010268 1.0800032 1.3221445 1.4598170 0.2881982 0.0000000 1.3276248 1.3029327 1.2831353 1.3749789 1.2633511 1.4994147 1.4636858 1.6508853 1.7485635 1.7198612 1.5913170 1.3953358 1.6617162 1.2638595 
Dromel_FBtr0344834_81-350   1.1228430 1.0965881 1.1799700 1.0763816 1.0215996 1.1482833 1.0622738 1.2593737 1.3462704 1.1252014 1.2559370 1.2928261 1.3301668 1.1810240 1.2512362 1.3116714 1.3033576 0.9988620 1.1823107 1.1823107 1.3047219 0.9782404 0.9537119 1.1135349 1.0518946 1.0601309 1.0339234 0.9493868 0.9755735 1.2038192 1.2028081 1.1492131 1.2509011 1.1948297 1.1231707 1.2627258 1.3508592 1.2252780 1.2576273 1.3662625 1.2790144 1.2446203 1.2406651 1.3209439 1.3797781 1.3281790 1.3276248 0.0000000 0.7616728 0.7291745 0.9064990 0.8208911 0.8572734 0.9977199 0.9892511 1.1282524 1.3188508 1.1917576 1.4313569 1.1701896 1.4755494 
Anogam_AGAP010850-RA_32-306 1.2373391 1.1330486 1.2811610 1.1541260 1.0958629 1.2039034 1.1381494 1.3103786 1.2784760 1.4357175 1.2648314 1.3370030 1.3809680 1.2105620 1.1831536 1.2102422 1.3356978 1.3300799 1.2887777 1.2887777 0.9144847 1.0705152 1.0191627 1.3409358 1.1965874 1.3762918 1.1423573 1.1732891 1.1976112 1.2845403 1.3263819 1.2406147 1.3271449 1.3078372 1.1176246 1.3679771 1.3815627 1.3289941 1.3138706 1.3523038 1.2171138 1.2708038 1.4086495 1.3556059 1.4721368 1.3558822 1.3029327 0.7616728 0.0000000 0.3889270 0.7607353 0.8671193 0.9265525 0.7512782 0.7106180 0.9484603 1.1259129 0.9445830 1.5739068 1.0941108 1.5734717 
Aedaeg_AAEL006635-RB_33-309 1.3346080 1.1977961 1.1911483 1.1608542 1.0445216 1.1965972 1.1375043 1.2683654 1.3568498 1.3439236 1.2942855 1.3299200 1.3619599 1.2205760 1.2540392 1.2501524 1.2171318 1.3418789 1.1387140 1.1387140 0.9125500 1.1352952 1.0950758 1.3116828 1.2764728 1.2735220 1.1656407 1.1417827 1.1512893 1.3750107 1.3129737 1.2271193 1.2821354 1.2281866 1.1937022 1.3805178 1.3652134 1.3116828 1.3301935 1.4216061 1.2893069 1.2474962 1.4063036 1.3175978 1.5216851 1.3794278 1.2831353 0.7291745 0.3889270 0.0000000 0.6694453 0.7142770 0.7196993 0.6511773 0.7522843 0.9888848 1.0264022 0.9269864 1.4767274 1.0969421 1.5909510 
Anogam_AGAP010785-RA_31-304 1.3506552 1.2633567 1.3694137 1.3268412 1.1934413 1.4066043 1.3716816 1.4973299 1.5726984 1.4126961 1.2766865 1.3015863 1.3419320 1.2051070 1.2739465 1.2904051 1.2221005 1.1175160 1.2059739 1.2059739 0.8704758 1.1069213 1.0925815 1.3122497 1.3219996 1.2676456 1.2156731 1.1123295 1.0793392 1.2915682 1.3753959 1.2128468 1.3326632 1.3482147 1.3627542 1.4841596 1.5627943 1.5069956 1.5383277 1.6114071 1.5024301 1.5308446 1.5342286 1.6147858 1.6320832 1.4845403 1.3749789 0.9064990 0.7607353 0.6694453 0.0000000 0.4274555 0.6643362 0.7369162 0.7784884 0.9130316 1.0539396 0.9620049 1.7342061 1.0701289 1.6706787 
Aedaeg_AAEL000871-RA_26-299 1.3176823 1.2620644 1.3103704 1.2378706 1.1642916 1.3299798 1.2850534 1.3584701 1.4450598 1.4111782 1.2896174 1.2550384 1.3187136 1.2070752 1.1508468 1.1229060 1.1798721 0.8023227 1.0983477 1.0983477 0.9137344 1.0589509 1.0132854 1.1722734 1.1049986 1.2169634 1.1838893 1.1192059 1.0840512 1.3311128 1.3258595 1.1926198 1.3195286 1.4787538 1.4299684 1.4749781 1.5309653 1.5423780 1.4594474 1.5436848 1.4112414 1.4168047 1.4217976 1.3907154 1.4988960 1.3593745 1.2633511 0.8208911 0.8671193 0.7142770 0.4274555 0.0000000 0.6422107 0.7012679 0.8201416 0.9553063 1.0867141 1.0680751 1.6066395 1.2068433 1.6167310 
Anogam_AGAP029197-RA_29-300 1.3582639 1.2547697 1.3316572 1.3021360 1.2330376 1.3891517 1.3271219 1.3432892 1.3946145 1.3184741 1.3878718 1.3018051 1.3395525 1.1933168 1.2853031 1.3671592 1.3040189 1.0011997 1.1692275 1.1692275 1.2943784 1.1269886 1.0573550 1.2460218 1.2227386 1.2464361 1.2872698 1.2373995 1.2503453 1.6767913 1.5259753 1.3883276 1.3564650 1.4209829 1.2826497 1.6302781 1.6453484 1.5768129 1.5386797 1.6164344 1.5743477 1.4463499 1.5416095 1.3744739 1.6842248 1.5548294 1.4994147 0.8572734 0.9265525 0.7196993 0.6643362 0.6422107 0.0000000 0.7836082 0.9123750 1.0851477 1.1878458 1.0844531 1.5345589 1.1720569 1.8085760 
Anogam_AGAP029196-RA_20-293 1.5574763 1.2557487 1.4495851 1.4270474 1.4424071 1.3858280 1.4003534 1.4843544 1.5241166 1.3222798 1.3171525 1.3304569 1.3556764 1.2257909 1.2280000 1.3052964 1.3720911 1.5622902 1.3700838 1.3700838 0.7508834 1.2415196 1.1760383 1.4096953 1.2950946 1.3506874 1.2754912 1.0964311 1.1336693 1.3630063 1.2588328 1.1405446 1.4230444 1.3228582 1.2826595 1.4728319 1.6155299 1.5416699 1.5972650 1.5867394 1.4696790 1.4736563 1.5841811 1.4165750 1.4964663 1.5619319 1.4636858 0.9977199 0.7512782 0.6511773 0.7369162 0.7012679 0.7836082 0.0000000 0.5811046 0.7925134 0.9906646 0.8988423 1.6004831 1.1543819 1.7891130 
Aedaeg_AAEL000910-RA_20-293 1.3622090 1.3341856 1.4867193 1.2876729 1.2738060 1.3095380 1.3275816 1.5385093 1.5158231 1.2028221 1.1883467 1.3052985 1.2984157 1.2054130 1.2119787 1.2997020 1.3382580 1.3314829 1.2825748 1.2825748 0.8010758 1.1422131 1.1785527 1.4224170 1.3905450 1.4464296 1.2770610 1.1786232 1.2215785 1.4064713 1.2861382 1.2592194 1.4222021 1.5070978 1.3858781 1.4268738 1.5813019 1.4867273 1.7101025 1.6994056 1.4440243 1.4437295 1.4992610 1.5973173 1.6974683 1.6484405 1.6508853 0.9892511 0.7106180 0.7522843 0.7784884 0.8201416 0.9123750 0.5811046 0.0000000 0.6807378 0.8617178 0.8909361 1.5393584 1.1629434 1.4861413 
Aedaeg_AAEL000928-RB_20-289 1.6441204 1.5254113 1.5550865 1.3803199 1.4998387 1.4415919 1.4385781 1.7097723 1.7393945 1.5355224 1.4876684 1.4908665 1.4901716 1.3995852 1.4303434 1.4448458 1.5658991 1.5644404 1.4714997 1.4714997 1.3801586 1.3465952 1.3987291 1.5841317 1.5112969 1.5194836 1.4325000 1.4017285 1.3943385 1.7048770 1.6866853 1.6187700 1.5463187 1.5688728 1.5144697 1.6675877 1.8612862 1.6830894 1.7535962 1.7696978 1.8627369 1.9146312 1.9161021 1.9374080 1.9210158 1.9224049 1.7485635 1.1282524 0.9484603 0.9888848 0.9130316 0.9553063 1.0851477 0.7925134 0.6807378 0.0000000 1.0622747 0.9353631 1.7284097 1.1596469 1.8425677 
Aedaeg_AAEL000912-RA_16-284 1.4882492 1.5310591 1.6050095 1.5152852 1.5901493 1.3820909 1.7330502 1.5908031 1.6735102 1.7703934 1.6645968 1.8646843 1.9244728 1.6779281 1.6467892 1.7763145 1.6625803 1.4489583 1.6385420 1.6385420 1.5119701 1.5070039 1.6787643 1.6122409 1.6597507 1.6212871 1.3777461 1.5869255 1.4896269 1.7480810 1.7685293 1.6228124 1.6957238 1.5871418 1.5477992 1.6164991 1.8364545 1.6492211 1.6276902 1.6493940 1.6725746 1.7366621 1.9175234 1.8121083 1.6744004 1.6786849 1.7198612 1.3188508 1.1259129 1.0264022 1.0539396 1.0867141 1.1878458 0.9906646 0.8617178 1.0622747 0.0000000 0.4468513 2.1311358 1.3643813 1.8037509 
Aedaeg_AAEL000876-RA_15-283 1.5747828 1.5551866 1.5317754 1.3911795 1.3761872 1.3945470 1.6026828 1.6624632 1.7075081 1.7544696 1.5841239 1.6197082 1.6716848 1.5317142 1.5934248 1.5523678 1.6425071 1.3887591 1.5504880 1.5504880 1.7114269 1.5186714 1.5712892 1.3864600 1.5018638 1.4572635 1.3084614 1.4441327 1.4457281 1.6721558 1.7897097 1.6059968 1.6077742 1.5067584 1.4937886 1.5723678 1.8247646 1.6531739 1.6977451 1.7744646 1.7563039 1.7510696 1.9101621 1.7705463 1.6523925 1.7222704 1.5913170 1.1917576 0.9445830 0.9269864 0.9620049 1.0680751 1.0844531 0.8988423 0.8909361 0.9353631 0.4468513 0.0000000 1.9564037 1.1375475 1.9324263 
Dromel_FBtr0070423_20-288   1.4411987 1.4573933 1.5398664 1.4534368 1.3728430 1.3806619 1.2339791 1.3651193 1.4101895 0.9926892 1.1170335 1.0081385 1.0348206 1.0815795 1.0220727 1.1849769 1.0751048 1.0287077 1.0466690 1.0466690 1.7396688 1.2226230 1.4183927 1.4024930 1.2149849 1.4539806 1.3733150 1.5332821 1.5478111 1.3976380 1.4125984 1.4989719 1.2737523 1.3483556 1.2959911 1.4019291 1.5205056 1.4786729 1.4441659 1.4409240 1.3701188 1.2697533 1.5170785 1.6330654 1.6844786 1.5535513 1.3953358 1.4313569 1.5739068 1.4767274 1.7342061 1.6066395 1.5345589 1.6004831 1.5393584 1.7284097 2.1311358 1.9564037 0.0000000 1.6691835 1.4062707 
Aedaeg_AAEL000882-RB_22-289 1.5398984 1.6042657 1.5843298 1.5271604 1.5819659 1.6778973 1.4136512 1.7710380 1.8015879 1.6591632 1.4003841 1.4927805 1.5510941 1.4022611 1.5429162 1.5291704 1.8358635 1.3576498 1.5676815 1.5676815 1.7706126 1.5244054 1.5443422 1.5773619 1.5505550 1.5014282 1.5531067 1.3926798 1.4190273 1.8249724 1.7147056 1.7115417 1.7079222 1.7653872 1.6998589 1.7377832 1.6753559 1.6040142 1.6107269 1.6411796 1.4978673 1.5459758 1.7498504 1.5549039 1.7475457 1.8980688 1.6617162 1.1701896 1.0941108 1.0969421 1.0701289 1.2068433 1.1720569 1.1543819 1.1629434 1.1596469 1.3643813 1.1375475 1.6691835 0.0000000 2.0769522 
Dromel_FBtr0340065_50-319   1.3962308 1.5669055 1.3739135 1.3719990 1.3700504 1.3815609 1.3291207 1.2419062 1.3715876 1.3560131 1.4641243 1.4236411 1.4636036 1.3127911 1.1508820 1.3438734 1.3618243 1.2558035 1.3819323 1.3819323 1.4446071 1.0599065 1.2636392 1.3346376 1.3611239 1.3859192 1.3711201 1.5699798 1.5744041 1.3522659 1.2899979 1.3260164 1.4619957 1.5339238 1.3929554 1.2467496 1.4108277 1.3831656 1.4850269 1.4800018 1.4767304 1.2439293 1.4657980 1.4183166 1.5215601 1.3438270 1.2638595 1.4755494 1.5734717 1.5909510 1.6706787 1.6167310 1.8085760 1.7891130 1.4861413 1.8425677 1.8037509 1.9324263 1.4062707 2.0769522 0.0000000 
