16
Dromel_FBtr0335386_18-257   0.0000000 0.4890655 0.5310718 0.5833905 0.9922360 0.9786518 0.9770001 1.3812081 1.2787963 1.2840485 1.2304206 1.2156463 1.1979847 3.2325812 3.2681180 3.2773285 
Dromel_FBtr0335387_140-379  0.4890655 0.0000000 0.2564350 0.3179070 1.0128440 1.0215487 1.0153838 1.3303823 1.2141461 1.2332947 1.2226799 1.1917737 1.1595728 3.0537553 3.0623285 3.0372907 
Anogam_AGAP009176-RA_42-278 0.5310718 0.2564350 0.0000000 0.0958895 1.0318132 1.0158964 1.0002981 1.2497234 1.1564110 1.1655980 1.1384410 1.2228412 1.1657795 3.1786511 3.2605880 3.2261122 
Aedaeg_AAEL001194-RA_31-269 0.5833905 0.3179070 0.0958895 0.0000000 1.1106499 1.0732864 1.0565398 1.3212314 1.1510323 1.1935352 1.1730248 1.3007061 1.2147137 3.4947238 3.4147281 3.3759775 
Dromel_FBtr0305959_20-256   0.9922360 1.0128440 1.0318132 1.1106499 0.0000000 0.2649326 0.2710876 0.9123160 0.8132398 0.8117046 0.8301488 0.7935598 0.7545784 3.2957989 3.4827163 3.6148570 
Anogam_AGAP001899-RA_21-257 0.9786518 1.0215487 1.0158964 1.0732864 0.2649326 0.0000000 0.0434654 0.6789909 0.6103617 0.6359204 0.6793279 0.6123142 0.6185533 3.1769701 3.2578739 3.4947440 
Aedaeg_AAEL008160-RA_21-258 0.9770001 1.0153838 1.0002981 1.0565398 0.2710876 0.0434654 0.0000000 0.6553297 0.5676067 0.5901979 0.6415693 0.6104210 0.5910877 3.1515377 3.2389070 3.4840881 
Aedaeg_AAEL002228-RA_13-251 1.3812081 1.3303823 1.2497234 1.3212314 0.9123160 0.6789909 0.6553297 0.0000000 0.4342013 0.4556728 0.5422755 0.7452970 0.7447990 3.5960381 3.6568291 3.8771583 
Aedaeg_AAEL022506-RA_13-250 1.2787963 1.2141461 1.1564110 1.1510323 0.8132398 0.6103617 0.5676067 0.4342013 0.0000000 0.0625148 0.4736250 0.7413260 0.6865326 3.5880635 3.4270522 3.8117335 
Aedaeg_AAEL025219-RA_13-250 1.2840485 1.2332947 1.1655980 1.1935352 0.8117046 0.6359204 0.5901979 0.4556728 0.0625148 0.0000000 0.4934013 0.7598531 0.6911658 3.3972819 3.4453949 3.8070946 
Aedaeg_AAEL002237-RA_14-250 1.2304206 1.2226799 1.1384410 1.1730248 0.8301488 0.6793279 0.6415693 0.5422755 0.4736250 0.4934013 0.0000000 0.7640512 0.7183694 3.8332491 3.6565006 4.1095626 
Anogam_AGAP028049-RA_30-268 1.2156463 1.1917737 1.2228412 1.3007061 0.7935598 0.6123142 0.6104210 0.7452970 0.7413260 0.7598531 0.7640512 0.0000000 0.2115502 3.4293935 3.4747193 3.3866487 
Anogam_AGAP008468-RA_15-263 1.1979847 1.1595728 1.1657795 1.2147137 0.7545784 0.6185533 0.5910877 0.7447990 0.6865326 0.6911658 0.7183694 0.2115502 0.0000000 3.4458141 3.4170791 3.5238808 
Dromel_FBtr0078709_24-271   3.2325812 3.0537553 3.1786511 3.4947238 3.2957989 3.1769701 3.1515377 3.5960381 3.5880635 3.3972819 3.8332491 3.4293935 3.4458141 0.0000000 0.7192018 0.7599328 
Anogam_AGAP002809-RA_39-287 3.2681180 3.0623285 3.2605880 3.4147281 3.4827163 3.2578739 3.2389070 3.6568291 3.4270522 3.4453949 3.6565006 3.4747193 3.4170791 0.7192018 0.0000000 0.2362399 
Aedaeg_AAEL002113-RA_30-278 3.2773285 3.0372907 3.2261122 3.3759775 3.6148570 3.4947440 3.4840881 3.8771583 3.8117335 3.8070946 4.1095626 3.3866487 3.5238808 0.7599328 0.2362399 0.0000000 
