62
Dromel_FBtr0088380_19-256   0.0000000 1.7087178 1.3243557 1.6487967 1.6418425 1.5806484 1.8919920 1.6725356 1.5938753 1.8691725 2.0624210 1.8202313 1.9605159 2.9897625 1.3487481 1.3724881 1.4071969 1.3860093 1.3091158 1.3402234 1.5290771 1.5302398 1.5518172 1.3961218 1.4578771 1.4862362 1.2679164 1.2772706 1.3027390 1.1906259 1.2675950 1.5644401 1.6006652 1.5457573 1.7936602 1.7199142 1.5023983 1.5776762 1.5776762 1.2784392 1.3783038 1.6400185 1.8374785 1.5567603 1.5567603 1.4486727 1.5095444 1.4918692 1.4658558 1.3205726 1.3603274 1.3200114 1.1677349 1.2401499 1.3948939 1.2997790 1.3947125 1.2946560 1.3928848 2.8294177 2.7035432 2.6034676 
Dromel_FBtr0086643_17-257   1.7087178 0.0000000 0.7995850 0.9945230 0.9686650 0.9469761 0.8778092 0.9942951 0.9604642 1.6218868 1.6923833 1.6069120 1.4660080 1.5181190 1.4290432 1.4493638 1.5027773 1.4901477 1.4102470 1.4497535 1.4734001 1.5323539 1.5593606 1.0673691 1.1804737 1.2660451 1.0842455 1.1689245 1.2038522 1.2089265 1.2636173 1.3076355 1.1455171 1.0971619 1.3019331 1.2221901 1.1981770 1.0320741 1.0320741 1.2111543 1.2842580 1.4587876 1.4799345 1.1460531 1.1460531 1.0952565 1.4116498 0.9213909 0.9362348 1.0666905 1.3277962 1.2577854 1.2099092 1.3547285 1.5994042 1.8493740 2.0157194 1.5815165 1.6688331 2.2778422 2.2553977 2.2545621 
Dromel_FBtr0082143_20-258   1.3243557 0.7995850 0.0000000 0.5401123 0.5422571 0.4972239 0.7073904 0.7376288 1.0013432 1.5500894 1.5904095 1.2902075 1.3231283 1.5476137 1.1372912 1.1749746 1.2085282 1.1570195 1.1162860 1.1494219 1.3056005 1.3468493 1.3458232 1.1148143 1.1977541 1.2475749 1.1840192 1.2465469 1.1804088 1.1727349 1.2166134 1.2295988 1.1393945 1.0932725 1.4566040 1.3811373 1.1315322 1.0701298 1.0701298 1.1025164 1.0424962 1.3720288 1.3762012 1.2236168 1.2236168 1.2843985 1.1318398 1.0111631 0.9534206 1.0472225 1.2110484 1.1947929 1.3280849 1.2146959 1.3183036 1.5686315 1.7244327 1.2007495 1.2880892 2.1733405 2.1818174 2.1580884 
Dromel_FBtr0082144_12-251   1.6487967 0.9945230 0.5401123 0.0000000 0.8386659 0.7021890 0.9111174 1.0543952 1.1761209 1.6323369 1.7760532 1.6663827 1.4827971 1.6234124 1.4276097 1.3940432 1.4331647 1.5313775 1.4177423 1.5089176 1.5340870 1.4862932 1.5822238 1.2790774 1.3105942 1.4664375 1.2841699 1.4570853 1.4125441 1.3179767 1.2764836 1.4044353 1.3101114 1.2579088 1.4370152 1.3754817 1.3952974 1.3510009 1.3510009 1.3900991 1.3887525 1.6644943 1.6486929 1.4959722 1.4959722 1.2554420 1.3833863 1.2149973 1.2645567 1.2797112 1.4221455 1.2403648 1.4339013 1.3879346 1.6027724 1.6539138 1.7186615 1.4735739 1.5292046 2.0342367 2.0636899 2.0516752 
Dromel_FBtr0082153_21-260   1.6418425 0.9686650 0.5422571 0.8386659 0.0000000 0.3784183 0.9360424 0.9417072 1.1273441 1.5776673 1.5771965 1.5055292 1.4943331 2.1004473 1.4446609 1.4181091 1.4612094 1.5073595 1.4952318 1.4687462 1.6723638 1.6047218 1.6656160 1.2062921 1.1935716 1.2773713 1.1940705 1.2941120 1.2282282 1.2796024 1.3113112 1.4227464 1.3972253 1.3607079 1.5646497 1.5031140 1.2399377 1.1447097 1.1447097 1.1676160 1.1951319 1.3331056 1.3990777 1.3475827 1.3475827 1.4538530 1.1983644 1.1028168 1.2068096 1.2268957 1.2469866 1.2792580 1.2722498 1.1782003 1.3951068 1.5421462 1.7345806 1.3726558 1.4445546 2.1628258 2.0707277 2.0854887 
Dromel_FBtr0082152_21-260   1.5806484 0.9469761 0.4972239 0.7021890 0.3784183 0.0000000 0.8419873 0.9176130 1.1488351 1.5266668 1.5556747 1.2600089 1.2121282 1.3901287 1.3227997 1.3568475 1.4079886 1.3464134 1.4424499 1.4056629 1.4763495 1.4881419 1.3716433 1.0774581 1.1274145 1.1881384 1.0806729 1.1256177 1.1108501 1.1283808 1.2206263 1.4235413 1.3299380 1.2824000 1.6047682 1.5397272 1.2127307 1.1460556 1.1460556 1.1496766 1.3058185 1.5363567 1.3881346 1.1819631 1.1819631 1.1998760 1.2603912 1.2419648 1.1181457 1.0440465 1.1670790 1.0897551 1.2555579 1.2438593 1.3716419 1.5600508 1.7175440 1.3626010 1.3956020 2.2370307 2.1236254 2.1115493 
Dromel_FBtr0082154_17-256   1.8919920 0.8778092 0.7073904 0.9111174 0.9360424 0.8419873 0.0000000 0.7081611 1.1471074 1.5443779 1.2822881 1.6741225 1.6670745 2.3418506 1.3501907 1.4241299 1.4735617 1.4811460 1.4938009 1.5388733 1.5108601 1.5554065 1.5823402 1.2920199 1.1267837 1.2704999 1.3373545 1.3132503 1.3754821 1.2311019 1.2177043 1.3411489 1.2960248 1.2720455 1.3818185 1.4617048 1.3337971 1.1304087 1.1304087 1.0893511 1.2191229 1.5280470 1.4006365 1.1409660 1.1409660 1.2843320 1.2019351 1.1375963 1.1177748 1.3869270 1.4209859 1.4407871 1.4543310 1.5200845 1.7091354 1.7983183 1.8752805 1.6228523 1.7242039 2.0841648 2.1999482 2.1845424 
Dromel_FBtr0084490_19-252   1.6725356 0.9942951 0.7376288 1.0543952 0.9417072 0.9176130 0.7081611 0.0000000 0.9617207 1.5645540 1.5541186 1.6427433 1.4834798 1.6303059 1.3133728 1.3538975 1.3874855 1.2044844 1.2463051 1.2949362 1.6780665 1.5473572 1.5079605 1.2061375 1.1460011 1.1912061 1.3093798 1.3217584 1.4341773 1.3408072 1.5128406 1.2976551 1.2263773 1.1421236 1.4295652 1.4276386 1.4154022 1.2275877 1.2275877 1.2324069 1.2188619 1.5930650 1.6340801 1.3289345 1.3289345 1.4228753 1.3607455 1.0345647 1.1718039 1.3684912 1.3122220 1.4188661 1.4081900 1.3906477 1.5843225 1.5722758 1.8587762 1.7332035 1.7880615 2.3485859 2.4222914 2.3904533 
Dromel_FBtr0086642_21-261   1.5938753 0.9604642 1.0013432 1.1761209 1.1273441 1.1488351 1.1471074 0.9617207 0.0000000 1.5193748 1.5909668 1.4003643 1.2454920 1.3136758 1.1458925 1.1046113 1.1190548 1.2570083 1.2085948 1.2677801 1.3937667 1.3677508 1.3261905 1.0810169 1.2513300 1.2571250 0.9932331 1.0675753 1.1237064 1.0515033 1.1328941 1.2196514 1.1760214 1.1361830 1.2547491 1.3420039 1.2260578 1.1734893 1.1734893 1.2790123 1.4088519 1.6237342 1.6086810 1.2168502 1.2168502 1.1492002 1.1922211 1.0327613 1.0217815 1.0951546 1.3192768 1.4048416 1.5340952 1.5660726 1.4505892 1.4916231 1.7565957 1.4891904 1.5499195 2.1365558 2.3205614 2.2718038 
Dromel_FBtr0113161_31-261   1.8691725 1.6218868 1.5500894 1.6323369 1.5776673 1.5266668 1.5443779 1.5645540 1.5193748 0.0000000 0.2142045 0.8397915 0.8369529 2.0436908 1.1831081 1.1129795 1.1123658 1.2496144 1.2313886 1.2560363 1.2073167 1.1494597 1.1636742 1.1200220 1.0364119 1.0673991 1.1581221 1.2443964 1.2377076 1.1426401 1.2669701 1.2014269 1.2920941 1.2598224 1.1702870 1.2372053 1.5017156 1.4791171 1.4791171 1.4944318 1.5733727 1.6419034 1.5738328 1.3176075 1.3176075 1.5202541 1.5844207 1.1740722 1.2527464 1.1914973 0.9870482 1.0997544 1.6555375 1.5520013 1.4718552 1.7484470 1.9390391 1.8097359 1.8248592 2.3247602 2.4056617 2.4015261 
Dromel_FBtr0076232_24-255   2.0624210 1.6923833 1.5904095 1.7760532 1.5771965 1.5556747 1.2822881 1.5541186 1.5909668 0.2142045 0.0000000 0.8710595 0.8904475 2.0129793 1.2014093 1.1397354 1.1390190 1.2555085 1.2711671 1.2620487 1.2349792 1.1607822 1.1962376 1.0944261 1.0531400 1.0895603 1.2433341 1.3180608 1.2997312 1.2298550 1.3862086 1.2003615 1.2632594 1.2445937 1.1186052 1.1954863 1.5648489 1.4440755 1.4440755 1.3784395 1.4378737 1.6290465 1.4645734 1.1855908 1.1855908 1.6166923 1.5347967 1.2923446 1.2949434 1.3317962 1.1706546 1.2322170 1.8437760 1.7220498 1.6053550 1.8935403 2.1555833 1.9100209 1.9326562 2.2329177 2.3051117 2.3011414 
Anogam_AGAP010695-RA_35-267 1.8202313 1.6069120 1.2902075 1.6663827 1.5055292 1.2600089 1.6741225 1.6427433 1.4003643 0.8397915 0.8710595 0.0000000 0.1284788 0.3587763 0.8852240 0.9337702 0.9465368 0.8641775 0.8904324 0.8905047 1.0100056 0.9521145 0.9494517 1.0737750 0.9698088 1.0073717 1.0183087 0.9469600 0.9628380 1.0267994 1.1315558 1.0955582 1.0640418 1.0280710 1.0675690 1.1418754 1.2917268 1.3792436 1.3792436 1.2204308 1.1968459 1.4060536 1.3790555 1.2437007 1.2437007 1.3442057 1.5390684 1.1692643 1.0557890 1.0077337 1.0300884 1.0825840 1.5952630 1.4275942 1.3142814 1.4926763 1.9194684 1.5993913 1.5578664 2.1877813 2.1735033 2.1487036 
Aedaeg_AAEL003977-RA_34-266 1.9605159 1.4660080 1.3231283 1.4827971 1.4943331 1.2121282 1.6670745 1.4834798 1.2454920 0.8369529 0.8904475 0.1284788 0.0000000 0.0000010 0.8994422 0.8852397 0.9056867 0.9153104 0.8888114 0.9096667 1.0512533 1.0086101 1.0098465 0.9979712 0.9374408 0.9868355 0.9805468 0.9501951 0.9739317 1.0281990 1.1034000 1.1200567 0.9693062 0.9077044 1.0675492 1.1181587 1.2586787 1.2535603 1.2535603 1.1969046 1.2336883 1.4282460 1.3100810 1.2845880 1.2845880 1.2623313 1.4705408 1.1458486 1.0220194 1.0283424 1.0596529 1.0884218 1.6206170 1.5494464 1.3058952 1.5140492 1.8260143 1.5561183 1.5174528 2.0182255 1.9904673 1.9714184 
Aedaeg_AAEL026052-RA_33-103 2.9897625 1.5181190 1.5476137 1.6234124 2.1004473 1.3901287 2.3418506 1.6303059 1.3136758 2.0436908 2.0129793 0.3587763 0.0000010 0.0000000 1.2712600 1.0767462 1.1171574 1.2105369 1.2378206 1.2726126 1.4580434 1.5479433 1.5186983 1.2221339 1.2957482 1.4224385 1.2312125 1.0971172 1.0999455 1.4697440 1.6255710 1.6148658 0.9987751 1.0506246 1.2507063 1.1650012 1.6727828 1.4112608 1.4112608 1.5405326 1.6694824 1.8639925 1.1803874 1.3816594 1.3816594 1.4336757 1.6257582 1.5875196 1.2802917 1.5356352 1.7785186 1.5225303 2.3546556 2.4455904 1.5829033 2.2927601 2.4311725 1.9663882 1.7373281 2.5815201 2.7334033 2.6266122 
Dromel_FBtr0335432_28-292   1.3487481 1.4290432 1.1372912 1.4276097 1.4446609 1.3227997 1.3501907 1.3133728 1.1458925 1.1831081 1.2014093 0.8852240 0.8994422 1.2712600 0.0000000 0.1602706 0.1623768 0.3240261 0.2716293 0.2706330 0.3826644 0.4054124 0.4270665 0.7657221 0.8011562 0.8280160 0.7132018 0.6634538 0.7279083 0.9230235 1.0110395 0.7262815 0.9031692 0.8180190 0.8580236 0.9184184 0.9229797 1.1173685 1.1173685 1.0948567 1.1172528 1.4440007 1.3758640 1.1288611 1.1288611 1.0878106 1.2733616 1.2150989 0.9998607 0.7715556 0.8759130 0.7832512 1.3685303 1.2363808 1.5314922 1.5716205 1.7125843 1.3494854 1.3270539 2.1226835 2.1690483 2.1265356 
Anogam_AGAP004373-RC_28-264 1.3724881 1.4493638 1.1749746 1.3940432 1.4181091 1.3568475 1.4241299 1.3538975 1.1046113 1.1129795 1.1397354 0.9337702 0.8852397 1.0767462 0.1602706 0.0000000 0.0555866 0.3088413 0.2790409 0.2839285 0.4337489 0.4198858 0.4249938 0.7710035 0.8491533 0.9016490 0.6987982 0.7186691 0.7279516 0.9524883 1.0132227 0.7467337 1.0110876 0.9236726 0.8906369 0.9611328 0.9874431 1.0924055 1.0924055 1.1482194 1.1763325 1.5432418 1.3541850 1.1567898 1.1567898 1.0542186 1.2095002 1.2547712 1.0242972 0.8751791 0.9103291 0.7840086 1.4345626 1.3289192 1.4735116 1.4845064 1.6771905 1.3738116 1.3158842 2.1203652 2.1046140 2.0691400 
Aedaeg_AAEL024147-RD_28-264 1.4071969 1.5027773 1.2085282 1.4331647 1.4612094 1.4079886 1.4735617 1.3874855 1.1190548 1.1123658 1.1390190 0.9465368 0.9056867 1.1171574 0.1623768 0.0555866 0.0000000 0.3169450 0.2876181 0.2842396 0.4036779 0.3871677 0.4213237 0.7828282 0.8744065 0.9152433 0.7400807 0.7396302 0.7683010 0.9705098 1.0120995 0.7973342 0.9856845 0.9156262 0.9182600 0.9899179 1.0026575 1.0757869 1.0757869 1.1438460 1.1449761 1.5139389 1.3617950 1.1353596 1.1353596 1.0904006 1.2953657 1.3034192 1.0808144 0.8738797 0.9227935 0.7892110 1.4316696 1.3230331 1.4854037 1.4652951 1.7462159 1.3682966 1.3420571 2.1114974 2.1286035 2.0927905 
Dromel_FBtr0081823_28-264   1.3860093 1.4901477 1.1570195 1.5313775 1.5073595 1.3464134 1.4811460 1.2044844 1.2570083 1.2496144 1.2555085 0.8641775 0.9153104 1.2105369 0.3240261 0.3088413 0.3169450 0.0000000 0.1207998 0.0665061 0.4277102 0.4700716 0.4898641 0.8305689 0.7567285 0.7659070 0.8686573 0.8292192 0.8570916 1.0650390 1.1266379 0.8527965 1.0198947 0.9398040 1.0118197 1.0718157 1.2279558 1.2282363 1.2282363 1.2146067 1.3193229 1.7370110 1.5423705 1.2068466 1.2068466 1.3171559 1.3563329 1.3203148 1.0724319 0.8231172 0.8667114 0.8101374 1.5467459 1.4013998 1.5958423 1.5546963 1.7531995 1.4195790 1.4139154 2.3545547 2.3114746 2.2679650 
Anogam_AGAP003600-RA_28-265 1.3091158 1.4102470 1.1162860 1.4177423 1.4952318 1.4424499 1.4938009 1.2463051 1.2085948 1.2313886 1.2711671 0.8904324 0.8888114 1.2378206 0.2716293 0.2790409 0.2876181 0.1207998 0.0000000 0.0846773 0.3973662 0.4256164 0.4563789 0.8273136 0.7985686 0.8408478 0.7635170 0.7482716 0.7657051 1.0391680 1.1030812 0.8082405 0.8890050 0.8313449 0.9458625 0.9906045 1.1104023 1.2366145 1.2366145 1.2096565 1.2421187 1.7000571 1.4757721 1.1965274 1.1965274 1.2113532 1.2985479 1.2180870 1.1362613 0.8458609 0.8927956 0.8172118 1.4226963 1.3659167 1.6513813 1.4853378 1.7838528 1.3503579 1.3505746 2.2401007 2.2165976 2.1794067 
Aedaeg_AAEL020502-RA_56-293 1.3402234 1.4497535 1.1494219 1.5089176 1.4687462 1.4056629 1.5388733 1.2949362 1.2677801 1.2560363 1.2620487 0.8905047 0.9096667 1.2726126 0.2706330 0.2839285 0.2842396 0.0665061 0.0846773 0.0000000 0.3769854 0.4590563 0.4585708 0.8047305 0.7692609 0.7767794 0.7775589 0.7443993 0.7619458 0.9928580 1.0801633 0.8049348 0.9747948 0.9111042 0.9871485 1.0592183 1.0911456 1.1967299 1.1967299 1.1586631 1.1725343 1.6359016 1.3799356 1.1585940 1.1585940 1.2215444 1.2393546 1.2096423 1.0515501 0.8043676 0.8940696 0.7955919 1.4809975 1.3450828 1.5640587 1.5898209 1.7602563 1.3670437 1.3517608 2.2521386 2.2122338 2.1691224 
Dromel_FBtr0345142_29-264   1.5290771 1.4734001 1.3056005 1.5340870 1.6723638 1.4763495 1.5108601 1.6780665 1.3937667 1.2073167 1.2349792 1.0100056 1.0512533 1.4580434 0.3826644 0.4337489 0.4036779 0.4277102 0.3973662 0.3769854 0.0000000 0.1738865 0.1588069 0.8643971 0.8536220 0.8760578 0.9269200 0.8813031 0.8991452 1.1945955 1.1412491 0.8544957 0.9490453 0.8915509 1.0253076 1.0440153 1.1323283 1.2391229 1.2391229 1.2322097 1.4237588 1.6840558 1.5247733 1.1980475 1.1980475 1.2429032 1.3135235 1.2202173 1.0544533 0.8300129 0.9988705 0.9290561 1.7656302 1.5362616 1.6860221 1.6545590 1.7796737 1.4024967 1.5252831 2.6262579 2.4430352 2.3944642 
Anogam_AGAP004372-RA_29-261 1.5302398 1.5323539 1.3468493 1.4862932 1.6047218 1.4881419 1.5554065 1.5473572 1.3677508 1.1494597 1.1607822 0.9521145 1.0086101 1.5479433 0.4054124 0.4198858 0.3871677 0.4700716 0.4256164 0.4590563 0.1738865 0.0000000 0.0736018 1.0109313 1.0001455 1.0409489 0.8882348 0.9220472 0.9302607 1.1369771 1.0879482 0.8952472 0.9616752 0.9100573 1.0109127 1.0302157 1.0957552 1.2466035 1.2466035 1.2178487 1.4008464 1.6366692 1.6137695 1.1505892 1.1505892 1.2401734 1.4023643 1.2573942 1.1496343 0.8972364 1.0496602 0.9801634 1.5627567 1.3367964 1.6019100 1.5444353 1.7582247 1.3953150 1.4444068 2.5859354 2.5509716 2.5219534 
Aedaeg_AAEL009574-RE_29-287 1.5518172 1.5593606 1.3458232 1.5822238 1.6656160 1.3716433 1.5823402 1.5079605 1.3261905 1.1636742 1.1962376 0.9494517 1.0098465 1.5186983 0.4270665 0.4249938 0.4213237 0.4898641 0.4563789 0.4585708 0.1588069 0.0736018 0.0000000 1.0338531 0.9659838 0.9570565 0.9261359 0.9636450 0.9720060 1.1440291 1.1345532 0.9863648 0.9687120 0.9107787 1.0809524 1.1014435 1.1379735 1.2339726 1.2339726 1.2779776 1.4281586 1.7079482 1.5600299 1.1999330 1.1999330 1.2471078 1.3938392 1.2962673 1.1679084 0.8647430 1.0547124 1.0120733 1.5972396 1.4008660 1.5083818 1.4593397 1.7551814 1.3871712 1.4406951 2.7900044 2.6281602 2.5998666 
Dromel_FBtr0084285_32-268   1.3961218 1.0673691 1.1148143 1.2790774 1.2062921 1.0774581 1.2920199 1.2061375 1.0810169 1.1200220 1.0944261 1.0737750 0.9979712 1.2221339 0.7657221 0.7710035 0.7828282 0.8305689 0.8273136 0.8047305 0.8643971 1.0109313 1.0338531 0.0000000 0.3334583 0.3138770 0.6575946 0.6872899 0.6925368 0.8415380 0.8077425 0.7924123 0.8926327 0.8595832 0.7757750 0.7893288 1.1187635 1.0172948 1.0172948 1.0757705 1.1263970 1.5418886 1.3445186 1.0893299 1.0893299 0.9701641 1.2292935 0.9890446 0.9467045 0.9329505 0.8543201 0.8095317 1.2780589 1.3161257 1.2181311 1.3145551 1.4731676 1.3962127 1.4051959 2.0926983 2.0474789 2.0505313 
Anogam_AGAP011812-RA_32-266 1.4578771 1.1804737 1.1977541 1.3105942 1.1935716 1.1274145 1.1267837 1.1460011 1.2513300 1.0364119 1.0531400 0.9698088 0.9374408 1.2957482 0.8011562 0.8491533 0.8744065 0.7567285 0.7985686 0.7692609 0.8536220 1.0001455 0.9659838 0.3334583 0.0000000 0.0872864 0.7944742 0.7095445 0.7439161 0.9014853 0.9128494 0.8965112 0.8822346 0.8322898 0.8694177 0.8928586 1.1362085 0.9069893 0.9069893 0.9018843 1.0477479 1.3065755 1.1233166 1.0199965 1.0199965 1.1817704 1.1549882 1.0133765 0.9898942 0.8995671 0.7905539 0.7745421 1.3461583 1.1658008 1.2095907 1.2665026 1.6436580 1.2722243 1.3436022 2.1271462 2.1638182 2.1670502 
Aedaeg_AAEL023989-RD_34-268 1.4862362 1.2660451 1.2475749 1.4664375 1.2773713 1.1881384 1.2704999 1.1912061 1.2571250 1.0673991 1.0895603 1.0073717 0.9868355 1.4224385 0.8280160 0.9016490 0.9152433 0.7659070 0.8408478 0.7767794 0.8760578 1.0409489 0.9570565 0.3138770 0.0872864 0.0000000 0.7856011 0.6757959 0.7149860 0.8957640 0.8847779 0.9145053 0.9442248 0.8938663 0.8886097 0.9412606 1.1550309 0.9686114 0.9686114 0.9714004 1.0937153 1.4000074 1.2038662 1.0691900 1.0691900 1.1830393 1.1698856 1.0112315 0.9627655 0.9152496 0.8374904 0.7885656 1.4412616 1.2314718 1.2597712 1.3533883 1.6474137 1.3200124 1.3857215 2.1980375 2.2526888 2.2296313 
Dromel_FBtr0084281_29-262   1.2679164 1.0842455 1.1840192 1.2841699 1.1940705 1.0806729 1.3373545 1.3093798 0.9932331 1.1581221 1.2433341 1.0183087 0.9805468 1.2312125 0.7132018 0.6987982 0.7400807 0.8686573 0.7635170 0.7775589 0.9269200 0.8882348 0.9261359 0.6575946 0.7944742 0.7856011 0.0000000 0.3152980 0.3343090 0.7308937 0.7138647 0.7864431 0.8597943 0.7989741 0.9195751 0.8667050 0.9396837 1.0064881 1.0064881 1.0264685 1.0746233 1.3190697 1.2625430 0.9407985 0.9407985 0.9111504 1.1532983 0.9706797 0.8080625 0.7587740 0.8230417 0.7923719 1.1437305 1.0849077 1.1376615 1.4021020 1.3864031 1.3218181 1.3509379 2.1355737 2.1423505 2.0981714 
Anogam_AGAP008780-RA_30-264 1.2772706 1.1689245 1.2465469 1.4570853 1.2941120 1.1256177 1.3132503 1.3217584 1.0675753 1.2443964 1.3180608 0.9469600 0.9501951 1.0971172 0.6634538 0.7186691 0.7396302 0.8292192 0.7482716 0.7443993 0.8813031 0.9220472 0.9636450 0.6872899 0.7095445 0.6757959 0.3152980 0.0000000 0.0717810 0.6807652 0.6292373 0.8381139 0.8727257 0.8106476 0.8430849 0.8372503 0.9341519 0.9489006 0.9489006 0.9050827 1.1068359 1.2990067 1.2694964 0.8973651 0.8973651 0.8986487 1.0543416 0.9656424 0.8038055 0.7228547 0.7469819 0.7077914 1.1598195 1.2084400 1.2094712 1.4634130 1.4602319 1.3038504 1.3217814 2.0408078 1.9942537 2.0033556 
Aedaeg_AAEL002673-RD_31-265 1.3027390 1.2038522 1.1804088 1.4125441 1.2282282 1.1108501 1.3754821 1.4341773 1.1237064 1.2377076 1.2997312 0.9628380 0.9739317 1.0999455 0.7279083 0.7279516 0.7683010 0.8570916 0.7657051 0.7619458 0.8991452 0.9302607 0.9720060 0.6925368 0.7439161 0.7149860 0.3343090 0.0717810 0.0000000 0.7019638 0.6425220 0.8825763 0.8564316 0.7947123 0.8294414 0.8062727 0.8964650 1.0146746 1.0146746 0.9290246 1.1053341 1.3663614 1.3041160 0.9294804 0.9294804 0.9413249 1.0279791 0.9928701 0.8520147 0.7452784 0.7642655 0.7303837 1.2044536 1.2307211 1.1671858 1.4703020 1.4567126 1.2602435 1.2830084 2.0796989 2.0193312 2.0285661 
Anogam_AGAP007264-RA_28-264 1.1906259 1.2089265 1.1727349 1.3179767 1.2796024 1.1283808 1.2311019 1.3408072 1.0515033 1.1426401 1.2298550 1.0267994 1.0281990 1.4697440 0.9230235 0.9524883 0.9705098 1.0650390 1.0391680 0.9928580 1.1945955 1.1369771 1.1440291 0.8415380 0.9014853 0.8957640 0.7308937 0.6807652 0.7019638 0.0000000 0.1644072 1.0689960 1.1120081 1.0397898 1.0564640 1.0517214 0.8500174 0.9257474 0.9257474 0.8431825 0.8756008 1.1366421 0.9588781 0.8793670 0.8793670 0.8570531 0.8931868 0.8176778 0.7098190 0.9978321 0.8777447 0.9138033 1.1990837 1.2070785 1.3034915 1.4057980 1.7756484 1.2861767 1.2803330 2.2029001 2.1747457 2.1711674 
Aedaeg_AAEL008219-RA_28-265 1.2675950 1.2636173 1.2166134 1.2764836 1.3113112 1.2206263 1.2177043 1.5128406 1.1328941 1.2669701 1.3862086 1.1315558 1.1034000 1.6255710 1.0110395 1.0132227 1.0120995 1.1266379 1.1030812 1.0801633 1.1412491 1.0879482 1.1345532 0.8077425 0.9128494 0.8847779 0.7138647 0.6292373 0.6425220 0.1644072 0.0000000 1.0805608 1.0613654 0.9910777 1.0012620 0.9953037 0.8192621 0.8393615 0.8393615 0.8086510 0.9600424 1.1500211 0.9931982 0.9144080 0.9144080 0.7567700 0.9161194 0.7661204 0.6898359 0.9308245 0.8083597 0.9465488 1.3494189 1.3973486 1.2979492 1.4213539 1.6761445 1.3883289 1.4720792 2.2623942 2.0920791 2.0886230 
Dromel_FBtr0084264_62-299   1.5644401 1.3076355 1.2295988 1.4044353 1.4227464 1.4235413 1.3411489 1.2976551 1.2196514 1.2014269 1.2003615 1.0955582 1.1200567 1.6148658 0.7262815 0.7467337 0.7973342 0.8527965 0.8082405 0.8049348 0.8544957 0.8952472 0.9863648 0.7924123 0.8965112 0.9145053 0.7864431 0.8381139 0.8825763 1.0689960 1.0805608 0.0000000 0.4230876 0.3963801 0.4044886 0.3747893 0.9778495 1.1549836 1.1549836 1.2356122 1.1311019 1.4981495 1.2958021 1.1368835 1.1368835 1.0701226 1.1640380 1.1071664 0.9605537 0.8270473 0.9412825 0.9261093 1.5039586 1.4232110 1.1623325 1.4526529 1.4632732 1.3927828 1.4355758 1.9426168 2.0872073 2.0663038 
Anogam_AGAP007134-RA_56-288 1.6006652 1.1455171 1.1393945 1.3101114 1.3972253 1.3299380 1.2960248 1.2263773 1.1760214 1.2920941 1.2632594 1.0640418 0.9693062 0.9987751 0.9031692 1.0110876 0.9856845 1.0198947 0.8890050 0.9747948 0.9490453 0.9616752 0.9687120 0.8926327 0.8822346 0.9442248 0.8597943 0.8727257 0.8564316 1.1120081 1.0613654 0.4230876 0.0000000 0.0595073 0.2840324 0.2392786 0.9666481 0.9799535 0.9799535 1.0782591 1.1403239 1.3030994 1.3878246 1.3048366 1.3048366 1.2218493 1.2816318 0.9352509 1.0117080 0.8699676 0.9854229 0.9927593 1.1948582 1.3777371 1.0516993 1.2883378 1.3254296 1.4117961 1.4633659 2.1575349 2.2234588 2.2745421 
Aedaeg_AAEL003093-RC_56-289 1.5457573 1.0971619 1.0932725 1.2579088 1.3607079 1.2824000 1.2720455 1.1421236 1.1361830 1.2598224 1.2445937 1.0280710 0.9077044 1.0506246 0.8180190 0.9236726 0.9156262 0.9398040 0.8313449 0.9111042 0.8915509 0.9100573 0.9107787 0.8595832 0.8322898 0.8938663 0.7989741 0.8106476 0.7947123 1.0397898 0.9910777 0.3963801 0.0595073 0.0000000 0.3105410 0.2873091 0.9534193 0.9963242 0.9963242 1.0990403 1.1661964 1.3364485 1.4149485 1.2261806 1.2261806 1.1641863 1.2833310 0.9286591 0.9852494 0.8209484 0.9221692 0.9660331 1.2299190 1.3933042 1.0571743 1.3150400 1.3524560 1.3721511 1.4862638 2.1847805 2.1578718 2.2166288 
Anogam_AGAP011848-RA_40-275 1.7936602 1.3019331 1.4566040 1.4370152 1.5646497 1.6047682 1.3818185 1.4295652 1.2547491 1.1702870 1.1186052 1.0675690 1.0675492 1.2507063 0.8580236 0.8906369 0.9182600 1.0118197 0.9458625 0.9871485 1.0253076 1.0109127 1.0809524 0.7757750 0.8694177 0.8886097 0.9195751 0.8430849 0.8294414 1.0564640 1.0012620 0.4044886 0.2840324 0.3105410 0.0000000 0.1163640 1.0239294 1.1651048 1.1651048 1.2314503 1.3286133 1.4019112 1.4791337 1.2767420 1.2767420 1.3009291 1.1914336 1.0420815 1.0906296 0.9546584 1.0704068 1.0168673 1.4339685 1.5232554 1.1759386 1.3449135 1.4698136 1.5194019 1.5860410 1.9714371 2.0603966 2.0979587 
Aedaeg_AAEL012497-RB_59-293 1.7199142 1.2221901 1.3811373 1.3754817 1.5031140 1.5397272 1.4617048 1.4276386 1.3420039 1.2372053 1.1954863 1.1418754 1.1181587 1.1650012 0.9184184 0.9611328 0.9899179 1.0718157 0.9906045 1.0592183 1.0440153 1.0302157 1.1014435 0.7893288 0.8928586 0.9412606 0.8667050 0.8372503 0.8062727 1.0517214 0.9953037 0.3747893 0.2392786 0.2873091 0.1163640 0.0000000 1.0350309 1.1784248 1.1784248 1.2392813 1.2931637 1.4417651 1.5897918 1.2748706 1.2748706 1.2584760 1.2046131 1.0000844 0.9841266 0.9087800 1.0980642 1.0190066 1.3731737 1.4640823 1.1329903 1.3527421 1.4560486 1.4130660 1.4590865 2.0939664 2.2435574 2.2785319 
Anogam_AGAP001097-RA_29-265 1.5023983 1.1981770 1.1315322 1.3952974 1.2399377 1.2127307 1.3337971 1.4154022 1.2260578 1.5017156 1.5648489 1.2917268 1.2586787 1.6727828 0.9229797 0.9874431 1.0026575 1.2279558 1.1104023 1.0911456 1.1323283 1.0957552 1.1379735 1.1187635 1.1362085 1.1550309 0.9396837 0.9341519 0.8964650 0.8500174 0.8192621 0.9778495 0.9666481 0.9534193 1.0239294 1.0350309 0.0000000 0.5051646 0.5051646 0.4569356 0.4615466 0.7354864 0.6912514 0.8089772 0.8089772 0.8156984 0.8803900 0.9083577 0.9060031 0.9545384 1.0781896 1.0966747 1.2704649 1.3709918 1.3734458 1.4510748 1.5580571 1.2644742 1.4016700 2.5587804 2.3147850 2.3288227 
Anogam_AGAP003195-RA_29-266 1.5776762 1.0320741 1.0701298 1.3510009 1.1447097 1.1460556 1.1304087 1.2275877 1.1734893 1.4791171 1.4440755 1.3792436 1.2535603 1.4112608 1.1173685 1.0924055 1.0757869 1.2282363 1.2366145 1.1967299 1.2391229 1.2466035 1.2339726 1.0172948 0.9069893 0.9686114 1.0064881 0.9489006 1.0146746 0.9257474 0.8393615 1.1549836 0.9799535 0.9963242 1.1651048 1.1784248 0.5051646 0.0000000 0.0000010 0.3934484 0.4551411 0.6236385 0.6163173 0.8031674 0.8031674 0.8054460 0.8852822 0.9700680 0.9404416 1.0794686 0.9845244 1.1041073 1.3886460 1.4200716 1.3363226 1.5522641 1.7453731 1.4051353 1.4782291 2.4752370 2.3316133 2.3034231 
Anogam_AGAP003197-RA_29-266 1.5776762 1.0320741 1.0701298 1.3510009 1.1447097 1.1460556 1.1304087 1.2275877 1.1734893 1.4791171 1.4440755 1.3792436 1.2535603 1.4112608 1.1173685 1.0924055 1.0757869 1.2282363 1.2366145 1.1967299 1.2391229 1.2466035 1.2339726 1.0172948 0.9069893 0.9686114 1.0064881 0.9489006 1.0146746 0.9257474 0.8393615 1.1549836 0.9799535 0.9963242 1.1651048 1.1784248 0.5051646 0.0000010 0.0000000 0.3934484 0.4551411 0.6236385 0.6163173 0.8031674 0.8031674 0.8054460 0.8852822 0.9700680 0.9404416 1.0794686 0.9845244 1.1041073 1.3886460 1.4200716 1.3363226 1.5522641 1.7453731 1.4051353 1.4782291 2.4752370 2.3316133 2.3034231 
Aedaeg_AAEL000216-RA_29-262 1.2784392 1.2111543 1.1025164 1.3900991 1.1676160 1.1496766 1.0893511 1.2324069 1.2790123 1.4944318 1.3784395 1.2204308 1.1969046 1.5405326 1.0948567 1.1482194 1.1438460 1.2146067 1.2096565 1.1586631 1.2322097 1.2178487 1.2779776 1.0757705 0.9018843 0.9714004 1.0264685 0.9050827 0.9290246 0.8431825 0.8086510 1.2356122 1.0782591 1.0990403 1.2314503 1.2392813 0.4569356 0.3934484 0.3934484 0.0000000 0.3176070 0.5903918 0.5699948 0.7364634 0.7364634 0.7024654 0.8683199 1.0040035 0.9720637 1.0425148 1.0477427 1.1215853 1.3273097 1.4630951 1.3272180 1.3962963 1.7554235 1.2855390 1.3078509 2.4453285 2.3075823 2.3409280 
Aedaeg_AAEL004947-RA_29-264 1.3783038 1.2842580 1.0424962 1.3887525 1.1951319 1.3058185 1.2191229 1.2188619 1.4088519 1.5733727 1.4378737 1.1968459 1.2336883 1.6694824 1.1172528 1.1763325 1.1449761 1.3193229 1.2421187 1.1725343 1.4237588 1.4008464 1.4281586 1.1263970 1.0477479 1.0937153 1.0746233 1.1068359 1.1053341 0.8756008 0.9600424 1.1311019 1.1403239 1.1661964 1.3286133 1.2931637 0.4615466 0.4551411 0.4551411 0.3176070 0.0000000 0.4494695 0.4427751 0.7231089 0.7231089 0.8688586 0.8418889 1.0243782 0.8960601 1.1689478 1.2246436 1.1235170 1.4124050 1.3978976 1.3500852 1.3880013 1.8689320 1.4433949 1.4114664 2.3882091 2.3087038 2.2797267 
Aedaeg_AAEL004949-RA_30-266 1.6400185 1.4587876 1.3720288 1.6644943 1.3331056 1.5363567 1.5280470 1.5930650 1.6237342 1.6419034 1.6290465 1.4060536 1.4282460 1.8639925 1.4440007 1.5432418 1.5139389 1.7370110 1.7000571 1.6359016 1.6840558 1.6366692 1.7079482 1.5418886 1.3065755 1.4000074 1.3190697 1.2990067 1.3663614 1.1366421 1.1500211 1.4981495 1.3030994 1.3364485 1.4019112 1.4417651 0.7354864 0.6236385 0.6236385 0.5903918 0.4494695 0.0000000 0.4125926 0.8895666 0.8895666 1.0150315 1.1727499 1.1005597 1.0647296 1.3661238 1.4092724 1.4746303 1.4668949 1.5929945 1.4927914 1.7166307 2.0988895 1.5905232 1.5918831 2.5283884 2.4363959 2.4069219 
Aedaeg_AAEL004953-RA_30-265 1.8374785 1.4799345 1.3762012 1.6486929 1.3990777 1.3881346 1.4006365 1.6340801 1.6086810 1.5738328 1.4645734 1.3790555 1.3100810 1.1803874 1.3758640 1.3541850 1.3617950 1.5423705 1.4757721 1.3799356 1.5247733 1.6137695 1.5600299 1.3445186 1.1233166 1.2038662 1.2625430 1.2694964 1.3041160 0.9588781 0.9931982 1.2958021 1.3878246 1.4149485 1.4791337 1.5897918 0.6912514 0.6163173 0.6163173 0.5699948 0.4427751 0.4125926 0.0000000 0.7389674 0.7389674 0.9290485 1.0465050 1.2628358 1.1262532 1.3352436 1.2251662 1.3498492 1.6535043 1.6383288 1.4301063 1.6455429 2.1132552 1.6025541 1.5478348 2.3882444 2.2052441 2.1834000 
Anogam_AGAP003196-RA_28-265 1.5567603 1.1460531 1.2236168 1.4959722 1.3475827 1.1819631 1.1409660 1.3289345 1.2168502 1.3176075 1.1855908 1.2437007 1.2845880 1.3816594 1.1288611 1.1567898 1.1353596 1.2068466 1.1965274 1.1585940 1.1980475 1.1505892 1.1999330 1.0893299 1.0199965 1.0691900 0.9407985 0.8973651 0.9294804 0.8793670 0.9144080 1.1368835 1.3048366 1.2261806 1.2767420 1.2748706 0.8089772 0.8031674 0.8031674 0.7364634 0.7231089 0.8895666 0.7389674 0.0000000 0.0000010 0.5257244 0.8258084 0.9793276 0.7921936 1.1562568 0.9590391 1.0565164 1.5290992 1.4870587 1.4393381 1.5879221 1.9167155 1.4698912 1.5197855 2.2893711 2.3105420 2.2836589 
Anogam_AGAP013219-RA_28-265 1.5567603 1.1460531 1.2236168 1.4959722 1.3475827 1.1819631 1.1409660 1.3289345 1.2168502 1.3176075 1.1855908 1.2437007 1.2845880 1.3816594 1.1288611 1.1567898 1.1353596 1.2068466 1.1965274 1.1585940 1.1980475 1.1505892 1.1999330 1.0893299 1.0199965 1.0691900 0.9407985 0.8973651 0.9294804 0.8793670 0.9144080 1.1368835 1.3048366 1.2261806 1.2767420 1.2748706 0.8089772 0.8031674 0.8031674 0.7364634 0.7231089 0.8895666 0.7389674 0.0000010 0.0000000 0.5257244 0.8258084 0.9793276 0.7921936 1.1562568 0.9590391 1.0565164 1.5290992 1.4870587 1.4393381 1.5879221 1.9167155 1.4698912 1.5197855 2.2893711 2.3105420 2.2836589 
Aedaeg_AAEL013542-RA_29-265 1.4486727 1.0952565 1.2843985 1.2554420 1.4538530 1.1998760 1.2843320 1.4228753 1.1492002 1.5202541 1.6166923 1.3442057 1.2623313 1.4336757 1.0878106 1.0542186 1.0904006 1.3171559 1.2113532 1.2215444 1.2429032 1.2401734 1.2471078 0.9701641 1.1817704 1.1830393 0.9111504 0.8986487 0.9413249 0.8570531 0.7567700 1.0701226 1.2218493 1.1641863 1.3009291 1.2584760 0.8156984 0.8054460 0.8054460 0.7024654 0.8688586 1.0150315 0.9290485 0.5257244 0.5257244 0.0000000 0.8373995 0.8908713 0.7944967 1.1107957 1.1642702 1.1680892 1.3304896 1.5508841 1.2960737 1.4684489 1.6368129 1.4972486 1.4630634 2.2819740 2.2861372 2.2701737 
Dromel_FBtr0084338_26-264   1.5095444 1.4116498 1.1318398 1.3833863 1.1983644 1.2603912 1.2019351 1.3607455 1.1922211 1.5844207 1.5347967 1.5390684 1.4705408 1.6257582 1.2733616 1.2095002 1.2953657 1.3563329 1.2985479 1.2393546 1.3135235 1.4023643 1.3938392 1.2292935 1.1549882 1.1698856 1.1532983 1.0543416 1.0279791 0.8931868 0.9161194 1.1640380 1.2816318 1.2833310 1.1914336 1.2046131 0.8803900 0.8852822 0.8852822 0.8683199 0.8418889 1.1727499 1.0465050 0.8258084 0.8258084 0.8373995 0.0000000 0.8815087 0.7167134 1.1965914 1.0910809 1.1204442 1.4702845 1.5596595 1.3308677 1.3671130 1.7028331 1.6993984 1.7932029 2.5339805 2.3097162 2.3076898 
Anogam_AGAP013094-RA_29-264 1.4918692 0.9213909 1.0111631 1.2149973 1.1028168 1.2419648 1.1375963 1.0345647 1.0327613 1.1740722 1.2923446 1.1692643 1.1458486 1.5875196 1.2150989 1.2547712 1.3034192 1.3203148 1.2180870 1.2096423 1.2202173 1.2573942 1.2962673 0.9890446 1.0133765 1.0112315 0.9706797 0.9656424 0.9928701 0.8176778 0.7661204 1.1071664 0.9352509 0.9286591 1.0420815 1.0000844 0.9083577 0.9700680 0.9700680 1.0040035 1.0243782 1.1005597 1.2628358 0.9793276 0.9793276 0.8908713 0.8815087 0.0000000 0.3187540 0.9408661 1.0889897 1.2328358 1.1955546 1.3460391 1.4499724 1.4972472 1.8085624 1.3941797 1.5995858 2.4306334 2.3082850 2.2797937 
Aedaeg_AAEL000188-RA_29-267 1.4658558 0.9362348 0.9534206 1.2645567 1.2068096 1.1181457 1.1177748 1.1718039 1.0217815 1.2527464 1.2949434 1.0557890 1.0220194 1.2802917 0.9998607 1.0242972 1.0808144 1.0724319 1.1362613 1.0515501 1.0544533 1.1496343 1.1679084 0.9467045 0.9898942 0.9627655 0.8080625 0.8038055 0.8520147 0.7098190 0.6898359 0.9605537 1.0117080 0.9852494 1.0906296 0.9841266 0.9060031 0.9404416 0.9404416 0.9720637 0.8960601 1.0647296 1.1262532 0.7921936 0.7921936 0.7944967 0.7167134 0.3187540 0.0000000 0.9136334 1.0545353 1.0560998 1.1985447 1.2661713 1.3699837 1.4586660 1.6151979 1.4953824 1.5468874 2.0679349 2.0534082 2.0178057 
Dromel_FBtr0084263_28-262   1.3205726 1.0666905 1.0472225 1.2797112 1.2268957 1.0440465 1.3869270 1.3684912 1.0951546 1.1914973 1.3317962 1.0077337 1.0283424 1.5356352 0.7715556 0.8751791 0.8738797 0.8231172 0.8458609 0.8043676 0.8300129 0.8972364 0.8647430 0.9329505 0.8995671 0.9152496 0.7587740 0.7228547 0.7452784 0.9978321 0.9308245 0.8270473 0.8699676 0.8209484 0.9546584 0.9087800 0.9545384 1.0794686 1.0794686 1.0425148 1.1689478 1.3661238 1.3352436 1.1562568 1.1562568 1.1107957 1.1965914 0.9408661 0.9136334 0.0000000 0.6682658 0.5641109 0.9550897 0.9779547 1.1981442 1.1672518 1.4029224 1.2271244 1.1936638 2.2055561 2.0480376 2.0532061 
Anogam_AGAP008781-RA_28-272 1.3603274 1.3277962 1.2110484 1.4221455 1.2469866 1.1670790 1.4209859 1.3122220 1.3192768 0.9870482 1.1706546 1.0300884 1.0596529 1.7785186 0.8759130 0.9103291 0.9227935 0.8667114 0.8927956 0.8940696 0.9988705 1.0496602 1.0547124 0.8543201 0.7905539 0.8374904 0.8230417 0.7469819 0.7642655 0.8777447 0.8083597 0.9412825 0.9854229 0.9221692 1.0704068 1.0980642 1.0781896 0.9845244 0.9845244 1.0477427 1.2246436 1.4092724 1.2251662 0.9590391 0.9590391 1.1642702 1.0910809 1.0889897 1.0545353 0.6682658 0.0000000 0.3239743 1.1703019 1.2200048 1.1560118 1.3622912 1.4992453 1.1431154 1.2601725 2.0835097 2.1284061 2.1067931 
Aedaeg_AAEL002662-RA_28-264 1.3200114 1.2577854 1.1947929 1.2403648 1.2792580 1.0897551 1.4407871 1.4188661 1.4048416 1.0997544 1.2322170 1.0825840 1.0884218 1.5225303 0.7832512 0.7840086 0.7892110 0.8101374 0.8172118 0.7955919 0.9290561 0.9801634 1.0120733 0.8095317 0.7745421 0.7885656 0.7923719 0.7077914 0.7303837 0.9138033 0.9465488 0.9261093 0.9927593 0.9660331 1.0168673 1.0190066 1.0966747 1.1041073 1.1041073 1.1215853 1.1235170 1.4746303 1.3498492 1.0565164 1.0565164 1.1680892 1.1204442 1.2328358 1.0560998 0.5641109 0.3239743 0.0000000 1.0585144 1.1290546 1.2366283 1.2436173 1.4379864 1.1368130 1.1332674 2.1029335 2.1669347 2.1449251 
Anogam_AGAP005511-RA_21-259 1.1677349 1.2099092 1.3280849 1.4339013 1.2722498 1.2555579 1.4543310 1.4081900 1.5340952 1.6555375 1.8437760 1.5952630 1.6206170 2.3546556 1.3685303 1.4345626 1.4316696 1.5467459 1.4226963 1.4809975 1.7656302 1.5627567 1.5972396 1.2780589 1.3461583 1.4412616 1.1437305 1.1598195 1.2044536 1.1990837 1.3494189 1.5039586 1.1948582 1.2299190 1.4339685 1.3731737 1.2704649 1.3886460 1.3886460 1.3273097 1.4124050 1.4668949 1.6535043 1.5290992 1.5290992 1.3304896 1.4702845 1.1955546 1.1985447 0.9550897 1.1703019 1.0585144 0.0000000 0.3543591 1.1443858 1.0499747 1.3698660 1.2183650 1.1639229 2.1260927 2.0741009 2.0937077 
Aedaeg_AAEL011954-RB_21-258 1.2401499 1.3547285 1.2146959 1.3879346 1.1782003 1.2438593 1.5200845 1.3906477 1.5660726 1.5520013 1.7220498 1.4275942 1.5494464 2.4455904 1.2363808 1.3289192 1.3230331 1.4013998 1.3659167 1.3450828 1.5362616 1.3367964 1.4008660 1.3161257 1.1658008 1.2314718 1.0849077 1.2084400 1.2307211 1.2070785 1.3973486 1.4232110 1.3777371 1.3933042 1.5232554 1.4640823 1.3709918 1.4200716 1.4200716 1.4630951 1.3978976 1.5929945 1.6383288 1.4870587 1.4870587 1.5508841 1.5596595 1.3460391 1.2661713 0.9779547 1.2200048 1.1290546 0.3543591 0.0000000 0.9774421 1.0727867 1.4468082 1.0866336 0.9839194 2.4523821 2.3234474 2.3467522 
Anogam_AGAP005512-RA_50-281 1.3948939 1.5994042 1.3183036 1.6027724 1.3951068 1.3716419 1.7091354 1.5843225 1.4505892 1.4718552 1.6053550 1.3142814 1.3058952 1.5829033 1.5314922 1.4735116 1.4854037 1.5958423 1.6513813 1.5640587 1.6860221 1.6019100 1.5083818 1.2181311 1.2095907 1.2597712 1.1376615 1.2094712 1.1671858 1.3034915 1.2979492 1.1623325 1.0516993 1.0571743 1.1759386 1.1329903 1.3734458 1.3363226 1.3363226 1.3272180 1.3500852 1.4927914 1.4301063 1.4393381 1.4393381 1.2960737 1.3308677 1.4499724 1.3699837 1.1981442 1.1560118 1.2366283 1.1443858 0.9774421 0.0000000 0.4561493 0.9342976 1.0983301 1.0912072 2.5106732 2.3754299 2.4083264 
Aedaeg_AAEL011957-RB_34-266 1.2997790 1.8493740 1.5686315 1.6539138 1.5421462 1.5600508 1.7983183 1.5722758 1.4916231 1.7484470 1.8935403 1.4926763 1.5140492 2.2927601 1.5716205 1.4845064 1.4652951 1.5546963 1.4853378 1.5898209 1.6545590 1.5444353 1.4593397 1.3145551 1.2665026 1.3533883 1.4021020 1.4634130 1.4703020 1.4057980 1.4213539 1.4526529 1.2883378 1.3150400 1.3449135 1.3527421 1.4510748 1.5522641 1.5522641 1.3962963 1.3880013 1.7166307 1.6455429 1.5879221 1.5879221 1.4684489 1.3671130 1.4972472 1.4586660 1.1672518 1.3622912 1.2436173 1.0499747 1.0727867 0.4561493 0.0000000 0.8415361 1.2328507 1.2005794 3.0679481 2.7365150 2.7712385 
Aedaeg_AAEL011951-RB_38-275 1.3947125 2.0157194 1.7244327 1.7186615 1.7345806 1.7175440 1.8752805 1.8587762 1.7565957 1.9390391 2.1555833 1.9194684 1.8260143 2.4311725 1.7125843 1.6771905 1.7462159 1.7531995 1.7838528 1.7602563 1.7796737 1.7582247 1.7551814 1.4731676 1.6436580 1.6474137 1.3864031 1.4602319 1.4567126 1.7756484 1.6761445 1.4632732 1.3254296 1.3524560 1.4698136 1.4560486 1.5580571 1.7453731 1.7453731 1.7554235 1.8689320 2.0988895 2.1132552 1.9167155 1.9167155 1.6368129 1.7028331 1.8085624 1.6151979 1.4029224 1.4992453 1.4379864 1.3698660 1.4468082 0.9342976 0.8415361 0.0000000 1.4668177 1.4586819 2.6829490 2.8809662 2.8635204 
Anogam_AGAP005513-RA_2-236  1.2946560 1.5815165 1.2007495 1.4735739 1.3726558 1.3626010 1.6228523 1.7332035 1.4891904 1.8097359 1.9100209 1.5993913 1.5561183 1.9663882 1.3494854 1.3738116 1.3682966 1.4195790 1.3503579 1.3670437 1.4024967 1.3953150 1.3871712 1.3962127 1.2722243 1.3200124 1.3218181 1.3038504 1.2602435 1.2861767 1.3883289 1.3927828 1.4117961 1.3721511 1.5194019 1.4130660 1.2644742 1.4051353 1.4051353 1.2855390 1.4433949 1.5905232 1.6025541 1.4698912 1.4698912 1.4972486 1.6993984 1.3941797 1.4953824 1.2271244 1.1431154 1.1368130 1.2183650 1.0866336 1.0983301 1.2328507 1.4668177 0.0000000 0.1195906 2.3457796 2.2379312 2.2431506 
Aedaeg_AAEL013649-RA_29-266 1.3928848 1.6688331 1.2880892 1.5292046 1.4445546 1.3956020 1.7242039 1.7880615 1.5499195 1.8248592 1.9326562 1.5578664 1.5174528 1.7373281 1.3270539 1.3158842 1.3420571 1.4139154 1.3505746 1.3517608 1.5252831 1.4444068 1.4406951 1.4051959 1.3436022 1.3857215 1.3509379 1.3217814 1.2830084 1.2803330 1.4720792 1.4355758 1.4633659 1.4862638 1.5860410 1.4590865 1.4016700 1.4782291 1.4782291 1.3078509 1.4114664 1.5918831 1.5478348 1.5197855 1.5197855 1.4630634 1.7932029 1.5995858 1.5468874 1.1936638 1.2601725 1.1332674 1.1639229 0.9839194 1.0912072 1.2005794 1.4586819 0.1195906 0.0000000 2.3105934 2.1714094 2.1853192 
Dromel_FBtr0075356_30-270   2.8294177 2.2778422 2.1733405 2.0342367 2.1628258 2.2370307 2.0841648 2.3485859 2.1365558 2.3247602 2.2329177 2.1877813 2.0182255 2.5815201 2.1226835 2.1203652 2.1114974 2.3545547 2.2401007 2.2521386 2.6262579 2.5859354 2.7900044 2.0926983 2.1271462 2.1980375 2.1355737 2.0408078 2.0796989 2.2029001 2.2623942 1.9426168 2.1575349 2.1847805 1.9714371 2.0939664 2.5587804 2.4752370 2.4752370 2.4453285 2.3882091 2.5283884 2.3882444 2.2893711 2.2893711 2.2819740 2.5339805 2.4306334 2.0679349 2.2055561 2.0835097 2.1029335 2.1260927 2.4523821 2.5106732 3.0679481 2.6829490 2.3457796 2.3105934 0.0000000 0.1651280 0.1562722 
Anogam_AGAP006520-RA_27-266 2.7035432 2.2553977 2.1818174 2.0636899 2.0707277 2.1236254 2.1999482 2.4222914 2.3205614 2.4056617 2.3051117 2.1735033 1.9904673 2.7334033 2.1690483 2.1046140 2.1286035 2.3114746 2.2165976 2.2122338 2.4430352 2.5509716 2.6281602 2.0474789 2.1638182 2.2526888 2.1423505 1.9942537 2.0193312 2.1747457 2.0920791 2.0872073 2.2234588 2.1578718 2.0603966 2.2435574 2.3147850 2.3316133 2.3316133 2.3075823 2.3087038 2.4363959 2.2052441 2.3105420 2.3105420 2.2861372 2.3097162 2.3082850 2.0534082 2.0480376 2.1284061 2.1669347 2.0741009 2.3234474 2.3754299 2.7365150 2.8809662 2.2379312 2.1714094 0.1651280 0.0000000 0.0238070 
